datetime,hour,CoolingDemand_kW,DryBulb_C,Pressure_kPa,RHum
2020-01-01 00:30:00-05:00,1,0.0,12.2,98.8,0.75
2020-01-01 01:30:00-05:00,2,0.0,12.8,98.8,0.72
2020-01-01 02:30:00-05:00,3,0.0,12.2,98.8,0.77
2020-01-01 03:30:00-05:00,4,0.0,11.7,98.8,0.83
2020-01-01 04:30:00-05:00,5,0.0,11.7,98.7,0.83
2020-01-01 05:30:00-05:00,6,0.0,11.1,98.7,0.9
2020-01-01 06:30:00-05:00,7,0.0,11.1,98.7,0.9
2020-01-01 07:30:00-05:00,8,0.0,11.1,98.8,0.9
2020-01-01 08:30:00-05:00,9,0.0,11.7,98.8,0.9
2020-01-01 09:30:00-05:00,10,0.0,12.2,98.8,0.9
2020-01-01 10:30:00-05:00,11,0.0,12.8,98.8,0.9
2020-01-01 11:30:00-05:00,12,0.0,13.9,98.8,0.9
2020-01-01 12:30:00-05:00,13,0.0,13.9,98.7,0.93
2020-01-01 13:30:00-05:00,14,0.0,12.8,98.7,0.97
2020-01-01 14:30:00-05:00,15,0.0,12.8,98.6,0.97
2020-01-01 15:30:00-05:00,16,0.0,8.9,98.7,0.96
2020-01-01 16:30:00-05:00,17,0.0,7.2,98.7,0.96
2020-01-01 17:30:00-05:00,18,0.0,6.7,98.8,0.96
2020-01-01 18:30:00-05:00,19,0.0,6.7,98.8,0.93
2020-01-01 19:30:00-05:00,20,0.0,6.7,98.8,0.93
2020-01-01 20:30:00-05:00,21,0.0,6.1,98.8,0.93
2020-01-01 21:30:00-05:00,22,0.0,5.6,98.8,0.93
2020-01-01 22:30:00-05:00,23,0.0,5.0,98.8,0.89
2020-01-01 23:30:00-05:00,24,0.0,4.4,98.9,0.93
2020-01-02 00:30:00-05:00,25,0.0,3.9,98.9,0.93
2020-01-02 01:30:00-05:00,26,0.0,3.9,98.9,0.93
2020-01-02 02:30:00-05:00,27,0.0,3.9,99.0,0.89
2020-01-02 03:30:00-05:00,28,0.0,3.3,98.9,0.89
2020-01-02 04:30:00-05:00,29,0.0,3.3,98.9,0.89
2020-01-02 05:30:00-05:00,30,0.0,3.3,98.9,0.89
2020-01-02 06:30:00-05:00,31,0.0,3.3,99.0,0.86
2020-01-02 07:30:00-05:00,32,0.0,3.3,99.1,0.89
2020-01-02 08:30:00-05:00,33,0.0,3.9,99.2,0.89
2020-01-02 09:30:00-05:00,34,0.0,5.6,99.2,0.83
2020-01-02 10:30:00-05:00,35,0.0,6.7,99.2,0.8
2020-01-02 11:30:00-05:00,36,0.0,7.2,99.2,0.74
2020-01-02 12:30:00-05:00,37,0.0,7.8,99.1,0.58
2020-01-02 13:30:00-05:00,38,0.0,8.9,99.1,0.56
2020-01-02 14:30:00-05:00,39,0.0,8.3,99.1,0.58
2020-01-02 15:30:00-05:00,40,0.0,8.3,99.0,0.58
2020-01-02 16:30:00-05:00,41,0.0,8.3,99.1,0.61
2020-01-02 17:30:00-05:00,42,0.0,7.2,99.1,0.66
2020-01-02 18:30:00-05:00,43,0.0,7.2,99.0,0.66
2020-01-02 19:30:00-05:00,44,0.0,6.7,99.1,0.68
2020-01-02 20:30:00-05:00,45,0.0,6.1,99.1,0.68
2020-01-02 21:30:00-05:00,46,0.0,6.1,99.1,0.65
2020-01-02 22:30:00-05:00,47,0.0,5.6,99.0,0.68
2020-01-02 23:30:00-05:00,48,0.0,5.0,99.0,0.7
2020-01-03 00:30:00-05:00,49,0.0,5.0,99.0,0.7
2020-01-03 01:30:00-05:00,50,0.0,5.0,98.9,0.73
2020-01-03 02:30:00-05:00,51,0.0,4.4,98.9,0.82
2020-01-03 03:30:00-05:00,52,0.0,3.3,98.9,0.89
2020-01-03 04:30:00-05:00,53,0.0,3.3,98.9,0.89
2020-01-03 05:30:00-05:00,54,0.0,2.8,98.8,0.93
2020-01-03 06:30:00-05:00,55,0.0,2.8,98.9,0.93
2020-01-03 07:30:00-05:00,56,0.0,2.8,98.8,0.93
2020-01-03 08:30:00-05:00,57,0.0,1.7,98.8,0.92
2020-01-03 09:30:00-05:00,58,0.0,1.7,98.8,0.92
2020-01-03 10:30:00-05:00,59,0.0,1.7,98.8,0.96
2020-01-03 11:30:00-05:00,60,0.0,2.2,98.7,0.93
2020-01-03 12:30:00-05:00,61,0.0,2.2,98.6,0.96
2020-01-03 13:30:00-05:00,62,0.0,2.8,98.4,0.93
2020-01-03 14:30:00-05:00,63,0.0,2.8,98.4,0.96
2020-01-03 15:30:00-05:00,64,0.0,2.8,98.4,0.96
2020-01-03 16:30:00-05:00,65,0.0,2.8,98.4,0.96
2020-01-03 17:30:00-05:00,66,0.0,2.8,98.3,0.96
2020-01-03 18:30:00-05:00,67,0.0,2.8,98.3,0.96
2020-01-03 19:30:00-05:00,68,0.0,2.8,98.5,0.96
2020-01-03 20:30:00-05:00,69,0.0,3.3,98.4,0.96
2020-01-03 21:30:00-05:00,70,0.0,3.9,98.4,0.93
2020-01-03 22:30:00-05:00,71,0.0,3.9,98.3,0.96
2020-01-03 23:30:00-05:00,72,0.0,3.9,98.3,0.96
2020-01-04 00:30:00-05:00,73,0.0,3.9,98.3,0.96
2020-01-04 01:30:00-05:00,74,0.0,3.9,98.3,1.0
2020-01-04 02:30:00-05:00,75,0.0,3.9,98.3,1.0
2020-01-04 03:30:00-05:00,76,0.0,3.9,98.3,1.0
2020-01-04 04:30:00-05:00,77,0.0,3.9,98.3,0.96
2020-01-04 05:30:00-05:00,78,0.0,3.9,98.4,0.93
2020-01-04 06:30:00-05:00,79,0.0,3.9,98.5,0.89
2020-01-04 07:30:00-05:00,80,0.0,3.9,98.6,0.82
2020-01-04 08:30:00-05:00,81,0.0,3.3,98.7,0.79
2020-01-04 09:30:00-05:00,82,0.0,3.9,98.8,0.76
2020-01-04 10:30:00-05:00,83,0.0,4.4,98.8,0.68
2020-01-04 11:30:00-05:00,84,0.0,5.0,98.9,0.62
2020-01-04 12:30:00-05:00,85,0.0,5.6,98.8,0.63
2020-01-04 13:30:00-05:00,86,0.0,6.7,98.7,0.56
2020-01-04 14:30:00-05:00,87,0.0,6.7,98.7,0.54
2020-01-04 15:30:00-05:00,88,0.0,6.1,98.7,0.53
2020-01-04 16:30:00-05:00,89,0.0,5.6,98.8,0.53
2020-01-04 17:30:00-05:00,90,0.0,5.0,98.8,0.55
2020-01-04 18:30:00-05:00,91,0.0,4.4,98.9,0.6
2020-01-04 19:30:00-05:00,92,0.0,3.3,98.9,0.62
2020-01-04 20:30:00-05:00,93,0.0,2.8,98.9,0.57
2020-01-04 21:30:00-05:00,94,0.0,2.2,99.0,0.62
2020-01-04 22:30:00-05:00,95,0.0,1.7,99.0,0.64
2020-01-04 23:30:00-05:00,96,0.0,1.1,99.0,0.52
2020-01-05 00:30:00-05:00,97,0.0,0.6,99.1,0.59
2020-01-05 01:30:00-05:00,98,0.0,-0.6,99.1,0.56
2020-01-05 02:30:00-05:00,99,0.0,-1.1,99.1,0.54
2020-01-05 03:30:00-05:00,100,0.0,-1.7,99.1,0.51
2020-01-05 04:30:00-05:00,101,0.0,-2.2,99.1,0.47
2020-01-05 05:30:00-05:00,102,0.0,-2.2,99.1,0.47
2020-01-05 06:30:00-05:00,103,0.0,-2.8,99.2,0.47
2020-01-05 07:30:00-05:00,104,0.0,-2.8,99.3,0.39
2020-01-05 08:30:00-05:00,105,0.0,-2.8,99.4,0.41
2020-01-05 09:30:00-05:00,106,0.0,-2.2,99.5,0.34
2020-01-05 10:30:00-05:00,107,0.0,-1.1,99.5,0.27
2020-01-05 11:30:00-05:00,108,0.0,0.6,99.5,0.24
2020-01-05 12:30:00-05:00,109,0.0,1.7,99.4,0.22
2020-01-05 13:30:00-05:00,110,0.0,2.2,99.3,0.2
2020-01-05 14:30:00-05:00,111,0.0,2.8,99.3,0.2
2020-01-05 15:30:00-05:00,112,0.0,2.2,99.3,0.2
2020-01-05 16:30:00-05:00,113,0.0,1.1,99.3,0.24
2020-01-05 17:30:00-05:00,114,0.0,0.0,99.3,0.24
2020-01-05 18:30:00-05:00,115,0.0,-0.6,99.3,0.29
2020-01-05 19:30:00-05:00,116,0.0,-1.1,99.3,0.29
2020-01-05 20:30:00-05:00,117,0.0,-1.7,99.3,0.3
2020-01-05 21:30:00-05:00,118,0.0,-2.2,99.3,0.34
2020-01-05 22:30:00-05:00,119,0.0,-2.8,99.3,0.37
2020-01-05 23:30:00-05:00,120,0.0,-3.3,99.3,0.39
2020-01-06 00:30:00-05:00,121,0.0,-2.8,99.2,0.37
2020-01-06 01:30:00-05:00,122,0.0,-3.3,99.2,0.39
2020-01-06 02:30:00-05:00,123,0.0,-3.3,99.2,0.39
2020-01-06 03:30:00-05:00,124,0.0,-3.3,99.3,0.42
2020-01-06 04:30:00-05:00,125,0.0,-3.9,99.2,0.42
2020-01-06 05:30:00-05:00,126,0.0,-4.4,99.3,0.44
2020-01-06 06:30:00-05:00,127,0.0,-4.4,99.3,0.42
2020-01-06 07:30:00-05:00,128,0.0,-4.4,99.3,0.38
2020-01-06 08:30:00-05:00,129,0.0,-4.4,99.3,0.42
2020-01-06 09:30:00-05:00,130,0.0,-3.9,99.4,0.39
2020-01-06 10:30:00-05:00,131,0.0,-3.3,99.4,0.35
2020-01-06 11:30:00-05:00,132,0.0,-2.2,99.4,0.34
2020-01-06 12:30:00-05:00,133,0.0,-1.7,99.3,0.33
2020-01-06 13:30:00-05:00,134,0.0,-1.1,99.2,0.36
2020-01-06 14:30:00-05:00,135,0.0,-1.1,99.1,0.54
2020-01-06 15:30:00-05:00,136,0.0,-0.6,99.1,0.59
2020-01-06 16:30:00-05:00,137,0.0,-0.6,99.1,0.59
2020-01-06 17:30:00-05:00,138,0.0,-0.6,99.1,0.56
2020-01-06 18:30:00-05:00,139,0.0,-1.1,99.1,0.54
2020-01-06 19:30:00-05:00,140,0.0,-1.1,99.2,0.54
2020-01-06 20:30:00-05:00,141,0.0,-0.6,99.1,0.43
2020-01-06 21:30:00-05:00,142,0.0,-0.6,99.1,0.41
2020-01-06 22:30:00-05:00,143,0.0,-0.6,99.0,0.43
2020-01-06 23:30:00-05:00,144,0.0,0.0,99.0,0.42
2020-01-07 00:30:00-05:00,145,0.0,0.0,99.0,0.43
2020-01-07 01:30:00-05:00,146,0.0,0.0,99.0,0.38
2020-01-07 02:30:00-05:00,147,0.0,0.0,99.0,0.36
2020-01-07 03:30:00-05:00,148,0.0,-0.6,99.0,0.4
2020-01-07 04:30:00-05:00,149,0.0,-0.6,99.0,0.41
2020-01-07 05:30:00-05:00,150,0.0,-1.1,99.0,0.41
2020-01-07 06:30:00-05:00,151,0.0,-2.2,99.0,0.56
2020-01-07 07:30:00-05:00,152,0.0,-3.3,99.0,0.72
2020-01-07 08:30:00-05:00,153,0.0,-3.9,99.0,0.85
2020-01-07 09:30:00-05:00,154,0.0,-3.9,99.0,0.88
2020-01-07 10:30:00-05:00,155,0.0,-3.9,99.0,0.92
2020-01-07 11:30:00-05:00,156,0.0,-3.9,98.8,0.96
2020-01-07 12:30:00-05:00,157,0.0,-3.3,98.7,0.92
2020-01-07 13:30:00-05:00,158,0.0,-3.9,98.5,0.92
2020-01-07 14:30:00-05:00,159,0.0,-3.9,98.4,0.92
2020-01-07 15:30:00-05:00,160,0.0,-3.9,98.5,0.92
2020-01-07 16:30:00-05:00,161,0.0,-5.0,98.5,0.92
2020-01-07 17:30:00-05:00,162,0.0,-5.0,98.4,0.88
2020-01-07 18:30:00-05:00,163,0.0,-5.6,98.4,0.85
2020-01-07 19:30:00-05:00,164,0.0,-5.6,98.5,0.85
2020-01-07 20:30:00-05:00,165,0.0,-6.1,98.4,0.88
2020-01-07 21:30:00-05:00,166,0.0,-6.1,98.4,0.92
2020-01-07 22:30:00-05:00,167,0.0,-6.1,98.4,0.92
2020-01-07 23:30:00-05:00,168,0.0,-6.1,98.3,0.92
2020-01-08 00:30:00-05:00,169,0.0,-6.1,98.3,0.92
2020-01-08 01:30:00-05:00,170,0.0,-5.6,98.2,0.92
2020-01-08 02:30:00-05:00,171,0.0,-5.6,98.2,0.92
2020-01-08 03:30:00-05:00,172,0.0,-5.6,98.2,0.92
2020-01-08 04:30:00-05:00,173,0.0,-5.6,98.2,1.0
2020-01-08 05:30:00-05:00,174,0.0,-5.0,98.2,0.96
2020-01-08 06:30:00-05:00,175,0.0,-5.0,98.2,0.96
2020-01-08 07:30:00-05:00,176,0.0,-4.4,98.2,0.92
2020-01-08 08:30:00-05:00,177,0.0,-4.4,98.3,0.96
2020-01-08 09:30:00-05:00,178,0.0,-3.3,98.3,0.92
2020-01-08 10:30:00-05:00,179,0.0,-2.8,98.3,0.89
2020-01-08 11:30:00-05:00,180,0.0,-2.2,98.3,0.89
2020-01-08 12:30:00-05:00,181,0.0,-1.1,98.2,0.85
2020-01-08 13:30:00-05:00,182,0.0,-0.6,98.2,0.85
2020-01-08 14:30:00-05:00,183,0.0,0.0,98.1,0.89
2020-01-08 15:30:00-05:00,184,0.0,0.0,98.2,0.89
2020-01-08 16:30:00-05:00,185,0.0,0.0,98.3,0.82
2020-01-08 17:30:00-05:00,186,0.0,-0.6,98.3,0.89
2020-01-08 18:30:00-05:00,187,0.0,-0.6,98.3,0.85
2020-01-08 19:30:00-05:00,188,0.0,-0.6,98.4,0.85
2020-01-08 20:30:00-05:00,189,0.0,-0.6,98.4,0.85
2020-01-08 21:30:00-05:00,190,0.0,-0.6,98.4,0.85
2020-01-08 22:30:00-05:00,191,0.0,-0.6,98.4,0.89
2020-01-08 23:30:00-05:00,192,0.0,-0.6,98.4,0.85
2020-01-09 00:30:00-05:00,193,0.0,-0.6,98.4,0.85
2020-01-09 01:30:00-05:00,194,0.0,-1.1,98.4,0.85
2020-01-09 02:30:00-05:00,195,0.0,-1.1,98.3,0.85
2020-01-09 03:30:00-05:00,196,0.0,-1.7,98.4,0.89
2020-01-09 04:30:00-05:00,197,0.0,-2.2,98.4,0.85
2020-01-09 05:30:00-05:00,198,0.0,-2.2,98.4,0.89
2020-01-09 06:30:00-05:00,199,0.0,-3.3,98.4,0.88
2020-01-09 07:30:00-05:00,200,0.0,-3.3,98.4,0.85
2020-01-09 08:30:00-05:00,201,0.0,-3.3,98.6,0.88
2020-01-09 09:30:00-05:00,202,0.0,-2.8,98.6,0.85
2020-01-09 10:30:00-05:00,203,0.0,-2.2,98.6,0.82
2020-01-09 11:30:00-05:00,204,0.0,-1.7,98.6,0.78
2020-01-09 12:30:00-05:00,205,0.0,-0.6,98.5,0.75
2020-01-09 13:30:00-05:00,206,0.0,0.6,98.4,0.7
2020-01-09 14:30:00-05:00,207,0.0,1.1,98.4,0.7
2020-01-09 15:30:00-05:00,208,0.0,1.7,98.4,0.62
2020-01-09 16:30:00-05:00,209,0.0,1.7,98.4,0.64
2020-01-09 17:30:00-05:00,210,0.0,1.1,98.4,0.7
2020-01-09 18:30:00-05:00,211,0.0,0.6,98.5,0.76
2020-01-09 19:30:00-05:00,212,0.0,-0.6,98.5,0.79
2020-01-09 20:30:00-05:00,213,0.0,-0.6,98.6,0.75
2020-01-09 21:30:00-05:00,214,0.0,-1.1,98.6,0.82
2020-01-09 22:30:00-05:00,215,0.0,-1.7,98.6,0.85
2020-01-09 23:30:00-05:00,216,0.0,-1.7,98.7,0.85
2020-01-10 00:30:00-05:00,217,0.0,-2.2,98.7,0.89
2020-01-10 01:30:00-05:00,218,0.0,-2.2,98.6,0.85
2020-01-10 02:30:00-05:00,219,0.0,-2.2,98.6,0.85
2020-01-10 03:30:00-05:00,220,0.0,-2.8,98.6,0.89
2020-01-10 04:30:00-05:00,221,0.0,-3.3,98.6,0.88
2020-01-10 05:30:00-05:00,222,0.0,-4.4,98.6,0.96
2020-01-10 06:30:00-05:00,223,0.0,-4.4,98.8,1.0
2020-01-10 07:30:00-05:00,224,0.0,-5.0,98.8,1.0
2020-01-10 08:30:00-05:00,225,0.0,-4.4,98.9,1.0
2020-01-10 09:30:00-05:00,226,0.0,-3.3,99.0,0.96
2020-01-10 10:30:00-05:00,227,0.0,-2.2,99.0,0.92
2020-01-10 11:30:00-05:00,228,0.0,1.1,98.9,0.76
2020-01-10 12:30:00-05:00,229,0.0,2.8,98.9,0.67
2020-01-10 13:30:00-05:00,230,0.0,3.9,98.8,0.65
2020-01-10 14:30:00-05:00,231,0.0,4.4,98.8,0.62
2020-01-10 15:30:00-05:00,232,0.0,5.0,98.8,0.6
2020-01-10 16:30:00-05:00,233,0.0,4.4,98.9,0.65
2020-01-10 17:30:00-05:00,234,0.0,2.8,98.9,0.7
2020-01-10 18:30:00-05:00,235,0.0,1.7,98.9,0.76
2020-01-10 19:30:00-05:00,236,0.0,0.0,99.0,0.79
2020-01-10 20:30:00-05:00,237,0.0,-1.1,99.0,0.82
2020-01-10 21:30:00-05:00,238,0.0,-1.1,99.0,0.82
2020-01-10 22:30:00-05:00,239,0.0,-2.2,99.0,0.92
2020-01-10 23:30:00-05:00,240,0.0,-2.2,99.0,0.89
2020-01-11 00:30:00-05:00,241,0.0,-2.8,99.0,0.92
2020-01-11 01:30:00-05:00,242,0.0,-3.3,99.0,0.92
2020-01-11 02:30:00-05:00,243,0.0,-2.8,99.0,0.92
2020-01-11 03:30:00-05:00,244,0.0,-2.2,99.0,0.82
2020-01-11 04:30:00-05:00,245,0.0,-2.8,99.0,0.81
2020-01-11 05:30:00-05:00,246,0.0,-2.8,99.0,0.85
2020-01-11 06:30:00-05:00,247,0.0,-3.9,99.1,0.85
2020-01-11 07:30:00-05:00,248,0.0,-3.3,99.1,0.85
2020-01-11 08:30:00-05:00,249,0.0,-2.8,99.1,0.85
2020-01-11 09:30:00-05:00,250,0.0,0.0,99.1,0.69
2020-01-11 10:30:00-05:00,251,0.0,2.8,99.1,0.55
2020-01-11 11:30:00-05:00,252,0.0,5.0,99.1,0.49
2020-01-11 12:30:00-05:00,253,0.0,5.0,99.0,0.51
2020-01-11 13:30:00-05:00,254,0.0,6.7,98.9,0.42
2020-01-11 14:30:00-05:00,255,0.0,6.7,98.9,0.42
2020-01-11 15:30:00-05:00,256,0.0,7.2,98.9,0.39
2020-01-11 16:30:00-05:00,257,0.0,6.1,98.9,0.43
2020-01-11 17:30:00-05:00,258,0.0,5.6,98.9,0.43
2020-01-11 18:30:00-05:00,259,0.0,4.4,99.0,0.47
2020-01-11 19:30:00-05:00,260,0.0,2.8,99.0,0.55
2020-01-11 20:30:00-05:00,261,0.0,1.7,98.9,0.57
2020-01-11 21:30:00-05:00,262,0.0,0.0,98.9,0.67
2020-01-11 22:30:00-05:00,263,0.0,-0.6,99.0,0.67
2020-01-11 23:30:00-05:00,264,0.0,-1.1,99.0,0.72
2020-01-12 00:30:00-05:00,265,0.0,-1.7,99.0,0.72
2020-01-12 01:30:00-05:00,266,0.0,-1.7,98.9,0.72
2020-01-12 02:30:00-05:00,267,0.0,-2.8,98.9,0.75
2020-01-12 03:30:00-05:00,268,0.0,-3.3,98.8,0.78
2020-01-12 04:30:00-05:00,269,0.0,-3.3,98.9,0.78
2020-01-12 05:30:00-05:00,270,0.0,-3.3,98.9,0.81
2020-01-12 06:30:00-05:00,271,0.0,-3.3,98.9,0.75
2020-01-12 07:30:00-05:00,272,0.0,-2.2,98.9,0.72
2020-01-12 08:30:00-05:00,273,0.0,-1.7,99.0,0.69
2020-01-12 09:30:00-05:00,274,0.0,1.1,99.0,0.59
2020-01-12 10:30:00-05:00,275,0.0,2.8,99.0,0.52
2020-01-12 11:30:00-05:00,276,0.0,5.0,99.0,0.43
2020-01-12 12:30:00-05:00,277,0.0,6.1,98.9,0.42
2020-01-12 13:30:00-05:00,278,0.0,7.2,98.8,0.39
2020-01-12 14:30:00-05:00,279,0.0,8.3,98.8,0.34
2020-01-12 15:30:00-05:00,280,0.0,10.0,98.8,0.31
2020-01-12 16:30:00-05:00,281,0.0,8.9,98.8,0.37
2020-01-12 17:30:00-05:00,282,0.0,8.3,98.8,0.37
2020-01-12 18:30:00-05:00,283,0.0,6.1,98.7,0.45
2020-01-12 19:30:00-05:00,284,0.0,6.7,98.7,0.44
2020-01-12 20:30:00-05:00,285,0.0,6.1,98.7,0.43
2020-01-12 21:30:00-05:00,286,0.0,6.1,98.7,0.47
2020-01-12 22:30:00-05:00,287,0.0,6.1,98.6,0.47
2020-01-12 23:30:00-05:00,288,0.0,6.7,98.6,0.45
2020-01-13 00:30:00-05:00,289,0.0,6.1,98.5,0.51
2020-01-13 01:30:00-05:00,290,0.0,6.1,98.4,0.51
2020-01-13 02:30:00-05:00,291,0.0,6.7,98.4,0.51
2020-01-13 03:30:00-05:00,292,0.0,6.1,98.5,0.53
2020-01-13 04:30:00-05:00,293,0.0,4.4,98.5,0.73
2020-01-13 05:30:00-05:00,294,0.0,3.9,98.6,0.76
2020-01-13 06:30:00-05:00,295,0.0,3.9,98.6,0.76
2020-01-13 07:30:00-05:00,296,0.0,4.4,98.6,0.96
2020-01-13 08:30:00-05:00,297,0.0,4.4,98.7,0.96
2020-01-13 09:30:00-05:00,298,0.0,5.6,98.7,0.93
2020-01-13 10:30:00-05:00,299,0.0,5.6,98.7,0.89
2020-01-13 11:30:00-05:00,300,0.0,6.7,98.7,0.74
2020-01-13 12:30:00-05:00,301,0.0,7.2,98.7,0.66
2020-01-13 13:30:00-05:00,302,0.0,7.2,98.7,0.58
2020-01-13 14:30:00-05:00,303,0.0,6.7,98.7,0.42
2020-01-13 15:30:00-05:00,304,0.0,6.1,98.8,0.4
2020-01-13 16:30:00-05:00,305,0.0,3.3,98.9,0.43
2020-01-13 17:30:00-05:00,306,0.0,3.3,99.0,0.43
2020-01-13 18:30:00-05:00,307,0.0,1.7,99.0,0.48
2020-01-13 19:30:00-05:00,308,0.0,0.6,99.0,0.5
2020-01-13 20:30:00-05:00,309,0.0,-0.6,99.1,0.52
2020-01-13 21:30:00-05:00,310,0.0,-1.7,99.1,0.58
2020-01-13 22:30:00-05:00,311,0.0,-2.2,99.2,0.58
2020-01-13 23:30:00-05:00,312,0.0,-3.3,99.2,0.63
2020-01-14 00:30:00-05:00,313,0.0,-3.9,99.2,0.66
2020-01-14 01:30:00-05:00,314,0.0,-5.0,99.3,0.68
2020-01-14 02:30:00-05:00,315,0.0,-5.6,99.3,0.71
2020-01-14 03:30:00-05:00,316,0.0,-6.1,99.3,0.74
2020-01-14 04:30:00-05:00,317,0.0,-6.1,99.2,0.71
2020-01-14 05:30:00-05:00,318,0.0,-6.7,99.2,0.74
2020-01-14 06:30:00-05:00,319,0.0,-6.7,99.3,0.74
2020-01-14 07:30:00-05:00,320,0.0,-6.7,99.3,0.71
2020-01-14 08:30:00-05:00,321,0.0,-5.0,99.4,0.63
2020-01-14 09:30:00-05:00,322,0.0,-2.2,99.4,0.49
2020-01-14 10:30:00-05:00,323,0.0,-1.7,99.5,0.43
2020-01-14 11:30:00-05:00,324,0.0,0.6,99.4,0.4
2020-01-14 12:30:00-05:00,325,0.0,2.2,99.3,0.37
2020-01-14 13:30:00-05:00,326,0.0,2.2,99.3,0.35
2020-01-14 14:30:00-05:00,327,0.0,3.9,99.2,0.32
2020-01-14 15:30:00-05:00,328,0.0,3.9,99.1,0.3
2020-01-14 16:30:00-05:00,329,0.0,2.8,99.2,0.3
2020-01-14 17:30:00-05:00,330,0.0,2.2,99.2,0.32
2020-01-14 18:30:00-05:00,331,0.0,2.2,99.3,0.34
2020-01-14 19:30:00-05:00,332,0.0,1.1,99.3,0.38
2020-01-14 20:30:00-05:00,333,0.0,0.6,99.2,0.4
2020-01-14 21:30:00-05:00,334,0.0,0.6,99.2,0.44
2020-01-14 22:30:00-05:00,335,0.0,0.0,99.2,0.45
2020-01-14 23:30:00-05:00,336,0.0,0.0,99.1,0.45
2020-01-15 00:30:00-05:00,337,0.0,-1.1,99.1,0.49
2020-01-15 01:30:00-05:00,338,0.0,-1.7,99.1,0.51
2020-01-15 02:30:00-05:00,339,0.0,-2.2,99.1,0.53
2020-01-15 03:30:00-05:00,340,0.0,-2.8,99.1,0.56
2020-01-15 04:30:00-05:00,341,0.0,-3.3,99.1,0.58
2020-01-15 05:30:00-05:00,342,0.0,-3.3,99.1,0.58
2020-01-15 06:30:00-05:00,343,0.0,-3.9,99.1,0.6
2020-01-15 07:30:00-05:00,344,0.0,-4.4,99.2,0.66
2020-01-15 08:30:00-05:00,345,0.0,-3.3,99.2,0.58
2020-01-15 09:30:00-05:00,346,0.0,-1.1,99.2,0.49
2020-01-15 10:30:00-05:00,347,0.0,0.6,99.2,0.44
2020-01-15 11:30:00-05:00,348,0.0,1.7,99.2,0.37
2020-01-15 12:30:00-05:00,349,0.0,3.3,99.0,0.34
2020-01-15 13:30:00-05:00,350,0.0,5.0,98.9,0.33
2020-01-15 14:30:00-05:00,351,0.0,6.1,98.8,0.31
2020-01-15 15:30:00-05:00,352,0.0,7.2,98.8,0.27
2020-01-15 16:30:00-05:00,353,0.0,6.7,98.8,0.28
2020-01-15 17:30:00-05:00,354,0.0,5.6,98.8,0.29
2020-01-15 18:30:00-05:00,355,0.0,3.9,98.9,0.36
2020-01-15 19:30:00-05:00,356,0.0,3.9,98.9,0.36
2020-01-15 20:30:00-05:00,357,0.0,2.2,98.9,0.4
2020-01-15 21:30:00-05:00,358,0.0,2.2,98.9,0.4
2020-01-15 22:30:00-05:00,359,0.0,0.6,99.0,0.46
2020-01-15 23:30:00-05:00,360,0.0,0.6,99.0,0.46
2020-01-16 00:30:00-05:00,361,0.0,-1.7,98.9,0.56
2020-01-16 01:30:00-05:00,362,0.0,-1.1,99.0,0.51
2020-01-16 02:30:00-05:00,363,0.0,-1.7,99.0,0.56
2020-01-16 03:30:00-05:00,364,0.0,-1.7,99.0,0.56
2020-01-16 04:30:00-05:00,365,0.0,-2.8,99.0,0.61
2020-01-16 05:30:00-05:00,366,0.0,-2.8,99.0,0.61
2020-01-16 06:30:00-05:00,367,0.0,-2.8,99.1,0.61
2020-01-16 07:30:00-05:00,368,0.0,-2.8,99.1,0.61
2020-01-16 08:30:00-05:00,369,0.0,-1.7,99.1,0.56
2020-01-16 09:30:00-05:00,370,0.0,1.7,99.2,0.46
2020-01-16 10:30:00-05:00,371,0.0,3.3,99.2,0.41
2020-01-16 11:30:00-05:00,372,0.0,5.6,99.1,0.33
2020-01-16 12:30:00-05:00,373,0.0,7.8,99.0,0.29
2020-01-16 13:30:00-05:00,374,0.0,8.9,98.9,0.27
2020-01-16 14:30:00-05:00,375,0.0,10.0,98.9,0.26
2020-01-16 15:30:00-05:00,376,0.0,10.6,98.9,0.26
2020-01-16 16:30:00-05:00,377,0.0,10.6,98.9,0.26
2020-01-16 17:30:00-05:00,378,0.0,8.3,98.9,0.31
2020-01-16 18:30:00-05:00,379,0.0,7.8,98.9,0.33
2020-01-16 19:30:00-05:00,380,0.0,7.2,98.9,0.34
2020-01-16 20:30:00-05:00,381,0.0,6.7,98.9,0.35
2020-01-16 21:30:00-05:00,382,0.0,6.7,98.9,0.35
2020-01-16 22:30:00-05:00,383,0.0,5.6,98.9,0.38
2020-01-16 23:30:00-05:00,384,0.0,5.6,98.9,0.38
2020-01-17 00:30:00-05:00,385,0.0,6.1,98.8,0.38
2020-01-17 01:30:00-05:00,386,0.0,5.6,98.7,0.49
2020-01-17 02:30:00-05:00,387,0.0,5.6,98.7,0.49
2020-01-17 03:30:00-05:00,388,0.0,4.4,98.7,0.51
2020-01-17 04:30:00-05:00,389,0.0,5.0,98.6,0.49
2020-01-17 05:30:00-05:00,390,0.0,5.0,98.6,0.53
2020-01-17 06:30:00-05:00,391,0.0,3.3,98.6,0.7
2020-01-17 07:30:00-05:00,392,0.0,2.2,98.6,0.85
2020-01-17 08:30:00-05:00,393,0.0,2.2,98.5,0.85
2020-01-17 09:30:00-05:00,394,0.0,2.2,98.5,0.93
2020-01-17 10:30:00-05:00,395,0.0,2.8,98.4,0.96
2020-01-17 11:30:00-05:00,396,0.0,3.3,98.4,0.96
2020-01-17 12:30:00-05:00,397,0.0,3.9,98.3,0.96
2020-01-17 13:30:00-05:00,398,0.0,4.4,98.2,0.96
2020-01-17 14:30:00-05:00,399,0.0,4.4,98.1,0.96
2020-01-17 15:30:00-05:00,400,0.0,4.4,98.1,0.96
2020-01-17 16:30:00-05:00,401,0.0,3.9,98.1,0.96
2020-01-17 17:30:00-05:00,402,0.0,4.4,98.1,0.93
2020-01-17 18:30:00-05:00,403,0.0,4.4,98.1,0.96
2020-01-17 19:30:00-05:00,404,0.0,4.4,98.2,0.96
2020-01-17 20:30:00-05:00,405,0.0,4.4,98.1,0.96
2020-01-17 21:30:00-05:00,406,0.0,4.4,98.2,0.96
2020-01-17 22:30:00-05:00,407,0.0,4.4,98.1,1.0
2020-01-17 23:30:00-05:00,408,0.0,5.0,98.0,0.96
2020-01-18 00:30:00-05:00,409,0.0,5.0,98.1,1.0
2020-01-18 01:30:00-05:00,410,0.0,5.0,98.0,1.0
2020-01-18 02:30:00-05:00,411,0.0,5.0,98.0,1.0
2020-01-18 03:30:00-05:00,412,0.0,5.0,98.0,1.0
2020-01-18 04:30:00-05:00,413,0.0,5.0,98.1,1.0
2020-01-18 05:30:00-05:00,414,0.0,5.6,98.1,0.96
2020-01-18 06:30:00-05:00,415,0.0,5.6,98.1,1.0
2020-01-18 07:30:00-05:00,416,0.0,5.6,98.1,1.0
2020-01-18 08:30:00-05:00,417,0.0,6.1,98.2,1.0
2020-01-18 09:30:00-05:00,418,0.0,6.7,98.2,1.0
2020-01-18 10:30:00-05:00,419,0.0,7.2,98.2,1.0
2020-01-18 11:30:00-05:00,420,0.0,8.3,98.1,1.0
2020-01-18 12:30:00-05:00,421,0.0,8.9,98.1,1.0
2020-01-18 13:30:00-05:00,422,0.0,9.4,98.0,1.0
2020-01-18 14:30:00-05:00,423,0.0,10.0,97.9,1.0
2020-01-18 15:30:00-05:00,424,0.0,10.6,97.9,1.0
2020-01-18 16:30:00-05:00,425,0.0,11.1,97.9,0.96
2020-01-18 17:30:00-05:00,426,0.0,11.1,97.9,0.96
2020-01-18 18:30:00-05:00,427,0.0,11.1,97.9,0.96
2020-01-18 19:30:00-05:00,428,0.0,10.6,97.9,1.0
2020-01-18 20:30:00-05:00,429,0.0,11.1,97.9,0.96
2020-01-18 21:30:00-05:00,430,0.0,11.1,98.0,1.0
2020-01-18 22:30:00-05:00,431,0.0,11.1,98.0,1.0
2020-01-18 23:30:00-05:00,432,0.0,11.1,98.0,1.0
2020-01-19 00:30:00-05:00,433,0.0,11.1,98.0,1.0
2020-01-19 01:30:00-05:00,434,0.0,11.1,97.9,1.0
2020-01-19 02:30:00-05:00,435,0.0,11.7,97.9,1.0
2020-01-19 03:30:00-05:00,436,0.0,11.7,97.9,1.0
2020-01-19 04:30:00-05:00,437,0.0,12.2,97.9,1.0
2020-01-19 05:30:00-05:00,438,0.0,12.2,97.9,1.0
2020-01-19 06:30:00-05:00,439,0.0,12.8,97.9,1.0
2020-01-19 07:30:00-05:00,440,0.0,12.8,97.8,1.0
2020-01-19 08:30:00-05:00,441,0.0,13.3,97.8,1.0
2020-01-19 09:30:00-05:00,442,0.0,14.4,97.9,1.0
2020-01-19 10:30:00-05:00,443,0.0,15.6,97.9,0.97
2020-01-19 11:30:00-05:00,444,0.0,16.7,97.8,0.9
2020-01-19 12:30:00-05:00,445,0.0,17.2,97.7,0.87
2020-01-19 13:30:00-05:00,446,0.0,17.8,97.5,0.84
2020-01-19 14:30:00-05:00,447,0.0,18.3,97.5,0.81
2020-01-19 15:30:00-05:00,448,0.0,18.9,97.4,0.78
2020-01-19 16:30:00-05:00,449,0.0,18.3,97.4,0.81
2020-01-19 17:30:00-05:00,450,0.0,17.2,97.3,0.9
2020-01-19 18:30:00-05:00,451,0.0,17.2,97.3,0.9
2020-01-19 19:30:00-05:00,452,0.0,17.8,97.3,0.87
2020-01-19 20:30:00-05:00,453,0.0,17.8,97.3,0.87
2020-01-19 21:30:00-05:00,454,0.0,18.3,97.2,0.84
2020-01-19 22:30:00-05:00,455,0.0,18.3,97.1,0.84
2020-01-19 23:30:00-05:00,456,0.0,17.8,97.2,0.87
2020-01-20 00:30:00-05:00,457,0.0,15.6,97.2,0.97
2020-01-20 01:30:00-05:00,458,0.0,15.0,97.2,0.87
2020-01-20 02:30:00-05:00,459,0.0,13.9,97.2,0.9
2020-01-20 03:30:00-05:00,460,0.0,12.8,97.2,0.93
2020-01-20 04:30:00-05:00,461,0.0,12.8,97.3,0.97
2020-01-20 05:30:00-05:00,462,0.0,12.8,97.3,0.97
2020-01-20 06:30:00-05:00,463,0.0,12.8,97.4,0.97
2020-01-20 07:30:00-05:00,464,0.0,12.2,97.4,0.96
2020-01-20 08:30:00-05:00,465,0.0,12.2,97.4,1.0
2020-01-20 09:30:00-05:00,466,0.0,12.8,97.4,1.0
2020-01-20 10:30:00-05:00,467,0.0,13.9,97.5,0.93
2020-01-20 11:30:00-05:00,468,0.0,13.9,97.5,0.9
2020-01-20 12:30:00-05:00,469,0.0,15.6,97.5,0.81
2020-01-20 13:30:00-05:00,470,0.0,17.2,97.3,0.61
2020-01-20 14:30:00-05:00,471,0.0,17.8,97.3,0.58
2020-01-20 15:30:00-05:00,472,0.0,17.2,97.4,0.61
2020-01-20 16:30:00-05:00,473,0.0,16.7,97.4,0.54
2020-01-20 17:30:00-05:00,474,0.0,16.1,97.4,0.54
2020-01-20 18:30:00-05:00,475,0.0,15.0,97.4,0.58
2020-01-20 19:30:00-05:00,476,0.0,13.9,97.5,0.6
2020-01-20 20:30:00-05:00,477,0.0,12.8,97.5,0.6
2020-01-20 21:30:00-05:00,478,0.0,11.7,97.5,0.64
2020-01-20 22:30:00-05:00,479,0.0,10.6,97.5,0.66
2020-01-20 23:30:00-05:00,480,0.0,10.0,97.5,0.64
2020-01-21 00:30:00-05:00,481,0.0,9.4,97.5,0.64
2020-01-21 01:30:00-05:00,482,0.0,8.3,97.5,0.61
2020-01-21 02:30:00-05:00,483,0.0,7.8,97.6,0.61
2020-01-21 03:30:00-05:00,484,0.0,7.2,97.5,0.66
2020-01-21 04:30:00-05:00,485,0.0,6.1,97.5,0.74
2020-01-21 05:30:00-05:00,486,0.0,5.6,97.5,0.73
2020-01-21 06:30:00-05:00,487,0.0,5.0,97.5,0.76
2020-01-21 07:30:00-05:00,488,0.0,5.0,97.5,0.7
2020-01-21 08:30:00-05:00,489,0.0,5.0,97.5,0.68
2020-01-21 09:30:00-05:00,490,0.0,5.6,97.6,0.65
2020-01-21 10:30:00-05:00,491,0.0,6.7,97.6,0.6
2020-01-21 11:30:00-05:00,492,0.0,6.7,97.6,0.6
2020-01-21 12:30:00-05:00,493,0.0,7.2,97.5,0.58
2020-01-21 13:30:00-05:00,494,0.0,8.3,97.5,0.56
2020-01-21 14:30:00-05:00,495,0.0,10.0,97.5,0.5
2020-01-21 15:30:00-05:00,496,0.0,9.4,97.5,0.48
2020-01-21 16:30:00-05:00,497,0.0,8.9,97.5,0.52
2020-01-21 17:30:00-05:00,498,0.0,7.8,97.5,0.56
2020-01-21 18:30:00-05:00,499,0.0,6.1,97.6,0.6
2020-01-21 19:30:00-05:00,500,0.0,5.6,97.7,0.65
2020-01-21 20:30:00-05:00,501,0.0,4.4,97.7,0.68
2020-01-21 21:30:00-05:00,502,0.0,4.4,97.8,0.62
2020-01-21 22:30:00-05:00,503,0.0,3.9,97.8,0.65
2020-01-21 23:30:00-05:00,504,0.0,3.3,97.8,0.65
2020-01-22 00:30:00-05:00,505,0.0,2.8,97.8,0.65
2020-01-22 01:30:00-05:00,506,0.0,2.8,97.8,0.65
2020-01-22 02:30:00-05:00,507,0.0,1.7,97.9,0.67
2020-01-22 03:30:00-05:00,508,0.0,1.1,97.9,0.67
2020-01-22 04:30:00-05:00,509,0.0,0.0,97.9,0.72
2020-01-22 05:30:00-05:00,510,0.0,-0.6,97.9,0.75
2020-01-22 06:30:00-05:00,511,0.0,-0.6,98.1,0.75
2020-01-22 07:30:00-05:00,512,0.0,-0.6,98.1,0.75
2020-01-22 08:30:00-05:00,513,0.0,1.1,98.1,0.67
2020-01-22 09:30:00-05:00,514,0.0,2.8,98.2,0.57
2020-01-22 10:30:00-05:00,515,0.0,3.9,98.3,0.55
2020-01-22 11:30:00-05:00,516,0.0,3.9,98.3,0.55
2020-01-22 12:30:00-05:00,517,0.0,4.4,98.2,0.53
2020-01-22 13:30:00-05:00,518,0.0,3.9,98.1,0.57
2020-01-22 14:30:00-05:00,519,0.0,5.0,98.1,0.51
2020-01-22 15:30:00-05:00,520,0.0,5.0,98.2,0.49
2020-01-22 16:30:00-05:00,521,0.0,3.9,98.2,0.53
2020-01-22 17:30:00-05:00,522,0.0,2.8,98.2,0.55
2020-01-22 18:30:00-05:00,523,0.0,1.1,98.3,0.62
2020-01-22 19:30:00-05:00,524,0.0,0.6,98.3,0.64
2020-01-22 20:30:00-05:00,525,0.0,-0.6,98.3,0.69
2020-01-22 21:30:00-05:00,526,0.0,0.0,98.2,0.67
2020-01-22 22:30:00-05:00,527,0.0,-1.7,98.2,0.78
2020-01-22 23:30:00-05:00,528,0.0,-0.6,98.2,0.69
2020-01-23 00:30:00-05:00,529,0.0,-2.2,98.2,0.85
2020-01-23 01:30:00-05:00,530,0.0,-2.2,98.2,0.78
2020-01-23 02:30:00-05:00,531,0.0,-1.7,98.2,0.72
2020-01-23 03:30:00-05:00,532,0.0,-1.1,98.2,0.64
2020-01-23 04:30:00-05:00,533,0.0,-1.7,98.1,0.66
2020-01-23 05:30:00-05:00,534,0.0,-1.7,98.1,0.69
2020-01-23 06:30:00-05:00,535,0.0,-1.1,98.1,0.64
2020-01-23 07:30:00-05:00,536,0.0,-1.7,98.1,0.69
2020-01-23 08:30:00-05:00,537,0.0,0.6,98.1,0.61
2020-01-23 09:30:00-05:00,538,0.0,3.3,98.1,0.48
2020-01-23 10:30:00-05:00,539,0.0,5.0,98.1,0.4
2020-01-23 11:30:00-05:00,540,0.0,7.2,98.1,0.35
2020-01-23 12:30:00-05:00,541,0.0,7.8,98.0,0.36
2020-01-23 13:30:00-05:00,542,0.0,9.4,97.9,0.3
2020-01-23 14:30:00-05:00,543,0.0,10.0,97.8,0.32
2020-01-23 15:30:00-05:00,544,0.0,10.0,97.8,0.31
2020-01-23 16:30:00-05:00,545,0.0,10.0,97.8,0.31
2020-01-23 17:30:00-05:00,546,0.0,8.3,97.8,0.33
2020-01-23 18:30:00-05:00,547,0.0,6.1,97.9,0.4
2020-01-23 19:30:00-05:00,548,0.0,5.6,97.9,0.41
2020-01-23 20:30:00-05:00,549,0.0,5.6,97.9,0.41
2020-01-23 21:30:00-05:00,550,0.0,3.9,97.9,0.49
2020-01-23 22:30:00-05:00,551,0.0,4.4,97.9,0.49
2020-01-23 23:30:00-05:00,552,0.0,3.9,98.0,0.51
2020-01-24 00:30:00-05:00,553,0.0,2.8,97.9,0.55
2020-01-24 01:30:00-05:00,554,0.0,2.2,97.9,0.55
2020-01-24 02:30:00-05:00,555,0.0,0.6,98.0,0.64
2020-01-24 03:30:00-05:00,556,0.0,1.1,98.0,0.59
2020-01-24 04:30:00-05:00,557,0.0,0.0,98.0,0.64
2020-01-24 05:30:00-05:00,558,0.0,0.0,98.0,0.67
2020-01-24 06:30:00-05:00,559,0.0,0.0,98.0,0.67
2020-01-24 07:30:00-05:00,560,0.0,1.1,98.0,0.67
2020-01-24 08:30:00-05:00,561,0.0,2.8,98.0,0.59
2020-01-24 09:30:00-05:00,562,0.0,5.0,98.1,0.53
2020-01-24 10:30:00-05:00,563,0.0,7.2,98.1,0.52
2020-01-24 11:30:00-05:00,564,0.0,11.7,98.1,0.42
2020-01-24 12:30:00-05:00,565,0.0,11.7,98.0,0.35
2020-01-24 13:30:00-05:00,566,0.0,10.6,98.0,0.43
2020-01-24 14:30:00-05:00,567,0.0,11.1,97.9,0.41
2020-01-24 15:30:00-05:00,568,0.0,11.1,97.9,0.43
2020-01-24 16:30:00-05:00,569,0.0,11.1,97.9,0.43
2020-01-24 17:30:00-05:00,570,0.0,10.6,97.9,0.45
2020-01-24 18:30:00-05:00,571,0.0,10.6,98.0,0.45
2020-01-24 19:30:00-05:00,572,0.0,9.4,98.0,0.5
2020-01-24 20:30:00-05:00,573,0.0,9.4,97.9,0.48
2020-01-24 21:30:00-05:00,574,0.0,8.9,97.9,0.56
2020-01-24 22:30:00-05:00,575,0.0,8.3,97.8,0.61
2020-01-24 23:30:00-05:00,576,0.0,7.8,97.8,0.66
2020-01-25 00:30:00-05:00,577,0.0,6.7,97.8,0.77
2020-01-25 01:30:00-05:00,578,0.0,5.6,97.8,0.86
2020-01-25 02:30:00-05:00,579,0.0,5.6,97.8,0.93
2020-01-25 03:30:00-05:00,580,0.0,5.0,97.7,0.96
2020-01-25 04:30:00-05:00,581,0.0,4.4,97.7,0.93
2020-01-25 05:30:00-05:00,582,0.0,4.4,97.6,0.93
2020-01-25 06:30:00-05:00,583,0.0,4.4,97.6,0.93
2020-01-25 07:30:00-05:00,584,0.0,4.4,97.5,0.93
2020-01-25 08:30:00-05:00,585,0.0,4.4,97.5,0.93
2020-01-25 09:30:00-05:00,586,0.0,5.0,97.5,0.93
2020-01-25 10:30:00-05:00,587,0.0,5.0,97.5,0.83
2020-01-25 11:30:00-05:00,588,0.0,6.1,97.5,0.83
2020-01-25 12:30:00-05:00,589,0.0,7.2,97.4,0.61
2020-01-25 13:30:00-05:00,590,0.0,8.3,97.3,0.42
2020-01-25 14:30:00-05:00,591,0.0,8.3,97.3,0.31
2020-01-25 15:30:00-05:00,592,0.0,8.3,97.3,0.31
2020-01-25 16:30:00-05:00,593,0.0,6.7,97.5,0.38
2020-01-25 17:30:00-05:00,594,0.0,6.1,97.5,0.42
2020-01-25 18:30:00-05:00,595,0.0,5.0,97.6,0.51
2020-01-25 19:30:00-05:00,596,0.0,3.9,97.7,0.62
2020-01-25 20:30:00-05:00,597,0.0,2.8,97.7,0.67
2020-01-25 21:30:00-05:00,598,0.0,2.2,97.8,0.62
2020-01-25 22:30:00-05:00,599,0.0,1.7,97.8,0.57
2020-01-25 23:30:00-05:00,600,0.0,1.1,97.8,0.52
2020-01-26 00:30:00-05:00,601,0.0,0.0,97.8,0.54
2020-01-26 01:30:00-05:00,602,0.0,-1.7,98.0,0.56
2020-01-26 02:30:00-05:00,603,0.0,-2.8,98.1,0.56
2020-01-26 03:30:00-05:00,604,0.0,-3.3,98.2,0.53
2020-01-26 04:30:00-05:00,605,0.0,-4.4,98.1,0.53
2020-01-26 05:30:00-05:00,606,0.0,-5.0,98.1,0.6
2020-01-26 06:30:00-05:00,607,0.0,-5.0,98.3,0.55
2020-01-26 07:30:00-05:00,608,0.0,-5.6,98.3,0.57
2020-01-26 08:30:00-05:00,609,0.0,-4.4,98.4,0.53
2020-01-26 09:30:00-05:00,610,0.0,-3.3,98.5,0.46
2020-01-26 10:30:00-05:00,611,0.0,-2.8,98.6,0.41
2020-01-26 11:30:00-05:00,612,0.0,-1.1,98.6,0.38
2020-01-26 12:30:00-05:00,613,0.0,0.0,98.6,0.35
2020-01-26 13:30:00-05:00,614,0.0,0.0,98.5,0.36
2020-01-26 14:30:00-05:00,615,0.0,2.2,98.5,0.32
2020-01-26 15:30:00-05:00,616,0.0,2.2,98.5,0.3
2020-01-26 16:30:00-05:00,617,0.0,2.2,98.6,0.28
2020-01-26 17:30:00-05:00,618,0.0,0.6,98.6,0.33
2020-01-26 18:30:00-05:00,619,0.0,-0.6,98.7,0.38
2020-01-26 19:30:00-05:00,620,0.0,-1.1,98.8,0.41
2020-01-26 20:30:00-05:00,621,0.0,-1.7,98.9,0.45
2020-01-26 21:30:00-05:00,622,0.0,-2.2,99.0,0.49
2020-01-26 22:30:00-05:00,623,0.0,-2.8,99.0,0.49
2020-01-26 23:30:00-05:00,624,0.0,-3.9,99.0,0.55
2020-01-27 00:30:00-05:00,625,0.0,-3.9,99.0,0.55
2020-01-27 01:30:00-05:00,626,0.0,-4.4,99.1,0.58
2020-01-27 02:30:00-05:00,627,0.0,-5.0,99.1,0.6
2020-01-27 03:30:00-05:00,628,0.0,-5.0,99.1,0.6
2020-01-27 04:30:00-05:00,629,0.0,-5.6,99.1,0.65
2020-01-27 05:30:00-05:00,630,0.0,-6.1,99.2,0.68
2020-01-27 06:30:00-05:00,631,0.0,-6.7,99.3,0.71
2020-01-27 07:30:00-05:00,632,0.0,-6.7,99.4,0.71
2020-01-27 08:30:00-05:00,633,0.0,-5.0,99.5,0.65
2020-01-27 09:30:00-05:00,634,0.0,-3.3,99.5,0.55
2020-01-27 10:30:00-05:00,635,0.0,-1.7,99.5,0.49
2020-01-27 11:30:00-05:00,636,0.0,-0.6,99.5,0.38
2020-01-27 12:30:00-05:00,637,0.0,1.1,99.5,0.34
2020-01-27 13:30:00-05:00,638,0.0,2.8,99.4,0.28
2020-01-27 14:30:00-05:00,639,0.0,3.9,99.3,0.25
2020-01-27 15:30:00-05:00,640,0.0,4.4,99.4,0.2
2020-01-27 16:30:00-05:00,641,0.0,4.4,99.4,0.23
2020-01-27 17:30:00-05:00,642,0.0,3.3,99.5,0.25
2020-01-27 18:30:00-05:00,643,0.0,1.7,99.6,0.32
2020-01-27 19:30:00-05:00,644,0.0,1.1,99.6,0.35
2020-01-27 20:30:00-05:00,645,0.0,0.0,99.6,0.42
2020-01-27 21:30:00-05:00,646,0.0,-0.6,99.7,0.43
2020-01-27 22:30:00-05:00,647,0.0,-1.1,99.7,0.45
2020-01-27 23:30:00-05:00,648,0.0,-2.2,99.7,0.53
2020-01-28 00:30:00-05:00,649,0.0,-1.7,99.7,0.49
2020-01-28 01:30:00-05:00,650,0.0,-2.2,99.7,0.53
2020-01-28 02:30:00-05:00,651,0.0,-2.8,99.7,0.56
2020-01-28 03:30:00-05:00,652,0.0,-3.3,99.7,0.6
2020-01-28 04:30:00-05:00,653,0.0,-3.3,99.6,0.6
2020-01-28 05:30:00-05:00,654,0.0,-3.3,99.7,0.6
2020-01-28 06:30:00-05:00,655,0.0,-3.3,99.8,0.6
2020-01-28 07:30:00-05:00,656,0.0,-4.4,99.8,0.72
2020-01-28 08:30:00-05:00,657,0.0,-1.7,99.9,0.61
2020-01-28 09:30:00-05:00,658,0.0,1.7,99.9,0.5
2020-01-28 10:30:00-05:00,659,0.0,5.0,100.0,0.41
2020-01-28 11:30:00-05:00,660,0.0,6.7,99.9,0.38
2020-01-28 12:30:00-05:00,661,0.0,8.3,99.9,0.34
2020-01-28 13:30:00-05:00,662,0.0,10.6,99.8,0.31
2020-01-28 14:30:00-05:00,663,0.0,12.2,99.6,0.25
2020-01-28 15:30:00-05:00,664,0.0,12.2,99.6,0.25
2020-01-28 16:30:00-05:00,665,0.0,12.2,99.6,0.25
2020-01-28 17:30:00-05:00,666,0.0,10.6,99.6,0.28
2020-01-28 18:30:00-05:00,667,0.0,8.9,99.6,0.32
2020-01-28 19:30:00-05:00,668,0.0,8.9,99.6,0.33
2020-01-28 20:30:00-05:00,669,0.0,7.2,99.6,0.37
2020-01-28 21:30:00-05:00,670,0.0,5.6,99.6,0.41
2020-01-28 22:30:00-05:00,671,0.0,5.6,99.7,0.41
2020-01-28 23:30:00-05:00,672,0.0,5.0,99.7,0.43
2020-01-29 00:30:00-05:00,673,0.0,4.4,99.7,0.45
2020-01-29 01:30:00-05:00,674,0.0,2.8,99.6,0.5
2020-01-29 02:30:00-05:00,675,0.0,1.7,99.6,0.54
2020-01-29 03:30:00-05:00,676,0.0,0.6,99.6,0.67
2020-01-29 04:30:00-05:00,677,0.0,0.6,99.7,0.64
2020-01-29 05:30:00-05:00,678,0.0,0.6,99.7,0.64
2020-01-29 06:30:00-05:00,679,0.0,2.2,99.8,0.57
2020-01-29 07:30:00-05:00,680,0.0,2.2,99.8,0.57
2020-01-29 08:30:00-05:00,681,0.0,5.0,99.9,0.49
2020-01-29 09:30:00-05:00,682,0.0,8.9,99.9,0.39
2020-01-29 10:30:00-05:00,683,0.0,11.7,100.0,0.32
2020-01-29 11:30:00-05:00,684,0.0,12.8,99.9,0.3
2020-01-29 12:30:00-05:00,685,0.0,13.9,99.8,0.28
2020-01-29 13:30:00-05:00,686,0.0,15.0,99.7,0.23
2020-01-29 14:30:00-05:00,687,0.0,15.6,99.6,0.21
2020-01-29 15:30:00-05:00,688,0.0,16.7,99.5,0.18
2020-01-29 16:30:00-05:00,689,0.0,15.6,99.5,0.2
2020-01-29 17:30:00-05:00,690,0.0,14.4,99.5,0.23
2020-01-29 18:30:00-05:00,691,0.0,13.3,99.5,0.26
2020-01-29 19:30:00-05:00,692,0.0,12.2,99.5,0.26
2020-01-29 20:30:00-05:00,693,0.0,10.0,99.5,0.31
2020-01-29 21:30:00-05:00,694,0.0,9.4,99.5,0.35
2020-01-29 22:30:00-05:00,695,0.0,7.8,99.5,0.39
2020-01-29 23:30:00-05:00,696,0.0,7.8,99.5,0.4
2020-01-30 00:30:00-05:00,697,0.0,5.6,99.5,0.47
2020-01-30 01:30:00-05:00,698,0.0,5.6,99.5,0.47
2020-01-30 02:30:00-05:00,699,0.0,3.9,99.5,0.55
2020-01-30 03:30:00-05:00,700,0.0,5.0,99.5,0.49
2020-01-30 04:30:00-05:00,701,0.0,4.4,99.5,0.53
2020-01-30 05:30:00-05:00,702,0.0,3.3,99.4,0.57
2020-01-30 06:30:00-05:00,703,0.0,3.9,99.5,0.62
2020-01-30 07:30:00-05:00,704,0.0,4.4,99.5,0.7
2020-01-30 08:30:00-05:00,705,0.0,6.7,99.5,0.71
2020-01-30 09:30:00-05:00,706,0.0,10.0,99.5,0.66
2020-01-30 10:30:00-05:00,707,0.0,14.4,99.5,0.56
2020-01-30 11:30:00-05:00,708,0.0,16.1,99.5,0.46
2020-01-30 12:30:00-05:00,709,0.0,16.7,99.4,0.46
2020-01-30 13:30:00-05:00,710,0.0,16.7,99.3,0.45
2020-01-30 14:30:00-05:00,711,0.0,16.7,99.2,0.46
2020-01-30 15:30:00-05:00,712,0.0,16.7,99.2,0.46
2020-01-30 16:30:00-05:00,713,0.0,16.7,99.1,0.46
2020-01-30 17:30:00-05:00,714,0.0,15.6,99.1,0.5
2020-01-30 18:30:00-05:00,715,0.0,14.4,99.1,0.53
2020-01-30 19:30:00-05:00,716,0.0,14.4,99.1,0.56
2020-01-30 20:30:00-05:00,717,0.0,13.9,99.1,0.58
2020-01-30 21:30:00-05:00,718,0.0,12.8,99.1,0.64
2020-01-30 22:30:00-05:00,719,0.0,11.7,99.1,0.69
2020-01-30 23:30:00-05:00,720,0.0,11.7,99.1,0.72
2020-01-31 00:30:00-05:00,721,0.0,10.6,99.2,0.77
2020-01-31 01:30:00-05:00,722,0.0,10.6,99.1,0.77
2020-01-31 02:30:00-05:00,723,0.0,10.0,99.1,0.8
2020-01-31 03:30:00-05:00,724,0.0,10.0,99.1,0.83
2020-01-31 04:30:00-05:00,725,0.0,10.0,99.1,0.83
2020-01-31 05:30:00-05:00,726,0.0,10.0,99.1,0.83
2020-01-31 06:30:00-05:00,727,0.0,10.0,99.1,0.83
2020-01-31 07:30:00-05:00,728,0.0,10.6,99.1,0.83
2020-01-31 08:30:00-05:00,729,0.0,11.1,99.1,0.83
2020-01-31 09:30:00-05:00,730,0.0,11.1,99.2,0.83
2020-01-31 10:30:00-05:00,731,0.0,14.4,99.2,0.75
2020-01-31 11:30:00-05:00,732,0.0,17.2,99.1,0.65
2020-01-31 12:30:00-05:00,733,0.0,19.4,98.9,0.53
2020-01-31 13:30:00-05:00,734,0.0,20.6,98.8,0.44
2020-01-31 14:30:00-05:00,735,0.0,21.1,98.8,0.39
2020-01-31 15:30:00-05:00,736,0.0,20.0,98.8,0.49
2020-01-31 16:30:00-05:00,737,0.0,19.4,98.8,0.51
2020-01-31 17:30:00-05:00,738,0.0,18.9,98.8,0.53
2020-01-31 18:30:00-05:00,739,0.0,17.8,98.9,0.56
2020-01-31 19:30:00-05:00,740,0.0,17.8,98.9,0.56
2020-01-31 20:30:00-05:00,741,0.0,17.2,98.9,0.58
2020-01-31 21:30:00-05:00,742,0.0,14.9,98.9,0.63
2020-01-31 22:30:00-05:00,743,0.0,12.6,98.9,0.72
2020-01-31 23:30:00-05:00,744,0.0,10.3,98.9,0.78
2020-02-01 00:30:00-05:00,745,0.0,8.0,98.7,0.44
2020-02-01 01:30:00-05:00,746,0.0,5.7,98.6,0.42
2020-02-01 02:30:00-05:00,747,0.0,3.4,98.5,0.4
2020-02-01 03:30:00-05:00,748,0.0,1.1,98.3,0.42
2020-02-01 04:30:00-05:00,749,0.0,1.1,98.3,0.44
2020-02-01 05:30:00-05:00,750,0.0,1.1,98.3,0.48
2020-02-01 06:30:00-05:00,751,0.0,0.0,98.2,0.69
2020-02-01 07:30:00-05:00,752,0.0,-0.6,98.2,0.75
2020-02-01 08:30:00-05:00,753,0.0,-0.6,98.2,0.85
2020-02-01 09:30:00-05:00,754,0.0,0.0,98.1,0.85
2020-02-01 10:30:00-05:00,755,0.0,0.0,98.1,0.96
2020-02-01 11:30:00-05:00,756,0.0,0.6,97.9,0.96
2020-02-01 12:30:00-05:00,757,0.0,1.7,97.7,0.89
2020-02-01 13:30:00-05:00,758,0.0,3.9,97.5,0.76
2020-02-01 14:30:00-05:00,759,0.0,6.7,97.4,0.86
2020-02-01 15:30:00-05:00,760,0.0,7.2,97.3,0.86
2020-02-01 16:30:00-05:00,761,0.0,8.9,97.2,0.86
2020-02-01 17:30:00-05:00,762,0.0,9.4,97.1,0.86
2020-02-01 18:30:00-05:00,763,0.0,16.7,97.1,0.7
2020-02-01 19:30:00-05:00,764,0.0,17.2,97.0,0.7
2020-02-01 20:30:00-05:00,765,0.0,9.4,97.1,0.93
2020-02-01 21:30:00-05:00,766,0.0,8.9,97.1,0.93
2020-02-01 22:30:00-05:00,767,0.0,7.8,97.1,1.0
2020-02-01 23:30:00-05:00,768,0.0,7.2,97.2,1.0
2020-02-02 00:30:00-05:00,769,0.0,7.2,97.2,0.96
2020-02-02 01:30:00-05:00,770,0.0,4.4,97.3,0.86
2020-02-02 02:30:00-05:00,771,0.0,2.2,97.2,0.96
2020-02-02 03:30:00-05:00,772,0.0,2.2,97.4,0.92
2020-02-02 04:30:00-05:00,773,0.0,2.2,97.4,0.92
2020-02-02 05:30:00-05:00,774,0.0,1.7,97.5,0.82
2020-02-02 06:30:00-05:00,775,0.0,-0.6,97.6,0.82
2020-02-02 07:30:00-05:00,776,0.0,-1.1,97.7,0.82
2020-02-02 08:30:00-05:00,777,0.0,-1.1,97.8,0.72
2020-02-02 09:30:00-05:00,778,0.0,-1.1,98.0,0.72
2020-02-02 10:30:00-05:00,779,0.0,0.0,98.0,0.64
2020-02-02 11:30:00-05:00,780,0.0,1.1,98.0,0.59
2020-02-02 12:30:00-05:00,781,0.0,1.7,97.9,0.52
2020-02-02 13:30:00-05:00,782,0.0,2.8,98.0,0.44
2020-02-02 14:30:00-05:00,783,0.0,2.2,98.0,0.44
2020-02-02 15:30:00-05:00,784,0.0,1.7,98.1,0.46
2020-02-02 16:30:00-05:00,785,0.0,0.0,98.2,0.45
2020-02-02 17:30:00-05:00,786,0.0,-1.7,98.3,0.49
2020-02-02 18:30:00-05:00,787,0.0,-2.2,98.4,0.51
2020-02-02 19:30:00-05:00,788,0.0,-2.8,98.4,0.55
2020-02-02 20:30:00-05:00,789,0.0,-3.3,98.5,0.55
2020-02-02 21:30:00-05:00,790,0.0,-3.9,98.5,0.58
2020-02-02 22:30:00-05:00,791,0.0,-3.9,98.7,0.58
2020-02-02 23:30:00-05:00,792,0.0,-5.0,98.7,0.55
2020-02-03 00:30:00-05:00,793,0.0,-5.6,98.8,0.52
2020-02-03 01:30:00-05:00,794,0.0,-6.1,98.8,0.5
2020-02-03 02:30:00-05:00,795,0.0,-6.7,98.8,0.5
2020-02-03 03:30:00-05:00,796,0.0,-7.2,98.9,0.52
2020-02-03 04:30:00-05:00,797,0.0,-7.8,98.9,0.57
2020-02-03 05:30:00-05:00,798,0.0,-8.3,98.9,0.59
2020-02-03 06:30:00-05:00,799,0.0,-8.9,98.9,0.64
2020-02-03 07:30:00-05:00,800,0.0,-8.9,99.0,0.67
2020-02-03 08:30:00-05:00,801,0.0,-7.2,99.1,0.59
2020-02-03 09:30:00-05:00,802,0.0,-5.0,99.1,0.5
2020-02-03 10:30:00-05:00,803,0.0,-3.3,99.2,0.42
2020-02-03 11:30:00-05:00,804,0.0,-1.7,99.2,0.36
2020-02-03 12:30:00-05:00,805,0.0,-1.1,99.1,0.34
2020-02-03 13:30:00-05:00,806,0.0,0.0,99.0,0.32
2020-02-03 14:30:00-05:00,807,0.0,1.1,98.9,0.28
2020-02-03 15:30:00-05:00,808,0.0,1.7,98.9,0.27
2020-02-03 16:30:00-05:00,809,0.0,1.1,98.9,0.27
2020-02-03 17:30:00-05:00,810,0.0,-0.6,98.9,0.3
2020-02-03 18:30:00-05:00,811,0.0,-1.1,98.9,0.31
2020-02-03 19:30:00-05:00,812,0.0,-2.2,99.0,0.39
2020-02-03 20:30:00-05:00,813,0.0,-2.8,99.0,0.41
2020-02-03 21:30:00-05:00,814,0.0,-3.3,99.0,0.44
2020-02-03 22:30:00-05:00,815,0.0,-3.9,99.0,0.46
2020-02-03 23:30:00-05:00,816,0.0,-5.0,99.0,0.52
2020-02-04 00:30:00-05:00,817,0.0,-5.0,98.9,0.5
2020-02-04 01:30:00-05:00,818,0.0,-5.0,98.9,0.5
2020-02-04 02:30:00-05:00,819,0.0,-6.1,98.9,0.57
2020-02-04 03:30:00-05:00,820,0.0,-5.6,98.9,0.55
2020-02-04 04:30:00-05:00,821,0.0,-5.6,98.9,0.52
2020-02-04 05:30:00-05:00,822,0.0,-6.1,98.9,0.57
2020-02-04 06:30:00-05:00,823,0.0,-5.6,98.9,0.55
2020-02-04 07:30:00-05:00,824,0.0,-5.6,98.9,0.55
2020-02-04 08:30:00-05:00,825,0.0,-5.6,99.0,0.55
2020-02-04 09:30:00-05:00,826,0.0,0.0,99.0,0.4
2020-02-04 10:30:00-05:00,827,0.0,2.2,99.0,0.35
2020-02-04 11:30:00-05:00,828,0.0,3.9,98.9,0.33
2020-02-04 12:30:00-05:00,829,0.0,5.6,98.8,0.31
2020-02-04 13:30:00-05:00,830,0.0,5.6,98.6,0.31
2020-02-04 14:30:00-05:00,831,0.0,6.7,98.5,0.3
2020-02-04 15:30:00-05:00,832,0.0,7.8,98.5,0.29
2020-02-04 16:30:00-05:00,833,0.0,6.7,98.6,0.3
2020-02-04 17:30:00-05:00,834,0.0,4.4,98.7,0.35
2020-02-04 18:30:00-05:00,835,0.0,2.8,98.7,0.39
2020-02-04 19:30:00-05:00,836,0.0,1.7,98.8,0.42
2020-02-04 20:30:00-05:00,837,0.0,0.0,98.8,0.45
2020-02-04 21:30:00-05:00,838,0.0,-0.6,98.8,0.45
2020-02-04 22:30:00-05:00,839,0.0,-1.1,98.9,0.43
2020-02-04 23:30:00-05:00,840,0.0,-1.7,98.9,0.45
2020-02-05 00:30:00-05:00,841,0.0,-2.2,98.9,0.45
2020-02-05 01:30:00-05:00,842,0.0,-3.9,98.9,0.46
2020-02-05 02:30:00-05:00,843,0.0,-4.4,98.9,0.44
2020-02-05 03:30:00-05:00,844,0.0,-5.6,99.0,0.46
2020-02-05 04:30:00-05:00,845,0.0,-6.1,99.0,0.5
2020-02-05 05:30:00-05:00,846,0.0,-6.1,99.0,0.5
2020-02-05 06:30:00-05:00,847,0.0,-6.7,99.1,0.52
2020-02-05 07:30:00-05:00,848,0.0,-6.7,99.1,0.52
2020-02-05 08:30:00-05:00,849,0.0,-3.9,99.1,0.53
2020-02-05 09:30:00-05:00,850,0.0,-1.7,99.3,0.37
2020-02-05 10:30:00-05:00,851,0.0,0.0,99.3,0.3
2020-02-05 11:30:00-05:00,852,0.0,1.7,99.2,0.26
2020-02-05 12:30:00-05:00,853,0.0,3.3,99.2,0.24
2020-02-05 13:30:00-05:00,854,0.0,5.0,99.0,0.21
2020-02-05 14:30:00-05:00,855,0.0,5.0,99.0,0.21
2020-02-05 15:30:00-05:00,856,0.0,5.0,99.0,0.23
2020-02-05 16:30:00-05:00,857,0.0,4.4,98.9,0.23
2020-02-05 17:30:00-05:00,858,0.0,4.4,98.9,0.25
2020-02-05 18:30:00-05:00,859,0.0,3.3,98.9,0.3
2020-02-05 19:30:00-05:00,860,0.0,3.3,98.9,0.29
2020-02-05 20:30:00-05:00,861,0.0,3.3,98.9,0.3
2020-02-05 21:30:00-05:00,862,0.0,2.8,98.9,0.33
2020-02-05 22:30:00-05:00,863,0.0,3.3,98.9,0.34
2020-02-05 23:30:00-05:00,864,0.0,2.8,98.8,0.36
2020-02-06 00:30:00-05:00,865,0.0,2.8,98.8,0.36
2020-02-06 01:30:00-05:00,866,0.0,2.2,98.8,0.39
2020-02-06 02:30:00-05:00,867,0.0,2.2,98.7,0.39
2020-02-06 03:30:00-05:00,868,0.0,2.2,98.8,0.4
2020-02-06 04:30:00-05:00,869,0.0,1.1,98.8,0.57
2020-02-06 05:30:00-05:00,870,0.0,0.6,98.8,0.7
2020-02-06 06:30:00-05:00,871,0.0,0.0,98.8,0.75
2020-02-06 07:30:00-05:00,872,0.0,0.0,98.9,0.82
2020-02-06 08:30:00-05:00,873,0.0,0.0,98.9,0.85
2020-02-06 09:30:00-05:00,874,0.0,0.6,98.9,0.85
2020-02-06 10:30:00-05:00,875,0.0,1.1,98.9,0.82
2020-02-06 11:30:00-05:00,876,0.0,2.2,98.9,0.76
2020-02-06 12:30:00-05:00,877,0.0,3.3,98.8,0.76
2020-02-06 13:30:00-05:00,878,0.0,5.0,98.6,0.7
2020-02-06 14:30:00-05:00,879,0.0,6.1,98.5,0.71
2020-02-06 15:30:00-05:00,880,0.0,6.7,98.5,0.71
2020-02-06 16:30:00-05:00,881,0.0,6.7,98.5,0.71
2020-02-06 17:30:00-05:00,882,0.0,6.1,98.4,0.76
2020-02-06 18:30:00-05:00,883,0.0,5.0,98.4,0.82
2020-02-06 19:30:00-05:00,884,0.0,4.4,98.4,0.86
2020-02-06 20:30:00-05:00,885,0.0,5.0,98.4,0.82
2020-02-06 21:30:00-05:00,886,0.0,4.4,98.4,0.86
2020-02-06 22:30:00-05:00,887,0.0,3.9,98.4,0.89
2020-02-06 23:30:00-05:00,888,0.0,4.4,98.3,0.86
2020-02-07 00:30:00-05:00,889,0.0,2.8,98.3,0.92
2020-02-07 01:30:00-05:00,890,0.0,2.2,98.3,0.92
2020-02-07 02:30:00-05:00,891,0.0,2.2,98.3,0.92
2020-02-07 03:30:00-05:00,892,0.0,1.7,98.1,0.89
2020-02-07 04:30:00-05:00,893,0.0,1.7,98.1,0.92
2020-02-07 05:30:00-05:00,894,0.0,2.2,98.1,0.92
2020-02-07 06:30:00-05:00,895,0.0,2.2,98.1,0.96
2020-02-07 07:30:00-05:00,896,0.0,2.8,98.1,0.92
2020-02-07 08:30:00-05:00,897,0.0,2.8,98.1,0.96
2020-02-07 09:30:00-05:00,898,0.0,3.9,98.0,0.96
2020-02-07 10:30:00-05:00,899,0.0,4.4,98.0,0.93
2020-02-07 11:30:00-05:00,900,0.0,5.6,98.0,0.89
2020-02-07 12:30:00-05:00,901,0.0,5.6,97.9,0.93
2020-02-07 13:30:00-05:00,902,0.0,5.6,97.7,0.96
2020-02-07 14:30:00-05:00,903,0.0,6.1,97.7,0.96
2020-02-07 15:30:00-05:00,904,0.0,6.7,97.6,0.96
2020-02-07 16:30:00-05:00,905,0.0,6.7,97.7,0.93
2020-02-07 17:30:00-05:00,906,0.0,6.1,97.7,0.96
2020-02-07 18:30:00-05:00,907,0.0,6.1,97.7,0.96
2020-02-07 19:30:00-05:00,908,0.0,5.6,97.7,1.0
2020-02-07 20:30:00-05:00,909,0.0,5.6,97.6,0.96
2020-02-07 21:30:00-05:00,910,0.0,5.0,97.4,1.0
2020-02-07 22:30:00-05:00,911,0.0,5.0,97.5,1.0
2020-02-07 23:30:00-05:00,912,0.0,5.6,97.5,1.0
2020-02-08 00:30:00-05:00,913,0.0,5.6,97.4,1.0
2020-02-08 01:30:00-05:00,914,0.0,5.6,97.3,1.0
2020-02-08 02:30:00-05:00,915,0.0,5.6,97.3,1.0
2020-02-08 03:30:00-05:00,916,0.0,5.6,97.2,1.0
2020-02-08 04:30:00-05:00,917,0.0,6.1,97.1,1.0
2020-02-08 05:30:00-05:00,918,0.0,7.2,97.1,0.96
2020-02-08 06:30:00-05:00,919,0.0,8.3,97.2,0.93
2020-02-08 07:30:00-05:00,920,0.0,8.9,97.2,0.93
2020-02-08 08:30:00-05:00,921,0.0,8.9,97.3,0.96
2020-02-08 09:30:00-05:00,922,0.0,9.4,97.4,0.93
2020-02-08 10:30:00-05:00,923,0.0,8.9,97.4,0.8
2020-02-08 11:30:00-05:00,924,0.0,8.3,97.5,0.71
2020-02-08 12:30:00-05:00,925,0.0,9.4,97.5,0.66
2020-02-08 13:30:00-05:00,926,0.0,11.1,97.5,0.47
2020-02-08 14:30:00-05:00,927,0.0,10.6,97.5,0.39
2020-02-08 15:30:00-05:00,928,0.0,10.6,97.5,0.32
2020-02-08 16:30:00-05:00,929,0.0,9.4,97.6,0.32
2020-02-08 17:30:00-05:00,930,0.0,7.2,97.7,0.34
2020-02-08 18:30:00-05:00,931,0.0,6.1,97.8,0.35
2020-02-08 19:30:00-05:00,932,0.0,5.0,97.9,0.38
2020-02-08 20:30:00-05:00,933,0.0,3.3,97.9,0.41
2020-02-08 21:30:00-05:00,934,0.0,1.7,97.9,0.44
2020-02-08 22:30:00-05:00,935,0.0,0.0,98.0,0.49
2020-02-08 23:30:00-05:00,936,0.0,-1.1,98.0,0.51
2020-02-09 00:30:00-05:00,937,0.0,-2.2,98.0,0.51
2020-02-09 01:30:00-05:00,938,0.0,-2.2,98.0,0.51
2020-02-09 02:30:00-05:00,939,0.0,-3.3,98.1,0.53
2020-02-09 03:30:00-05:00,940,0.0,-3.3,98.1,0.53
2020-02-09 04:30:00-05:00,941,0.0,-5.0,98.1,0.52
2020-02-09 05:30:00-05:00,942,0.0,-4.4,98.2,0.55
2020-02-09 06:30:00-05:00,943,0.0,-5.6,98.3,0.55
2020-02-09 07:30:00-05:00,944,0.0,-5.6,98.4,0.6
2020-02-09 08:30:00-05:00,945,0.0,0.0,98.4,0.43
2020-02-09 09:30:00-05:00,946,0.0,3.3,98.5,0.29
2020-02-09 10:30:00-05:00,947,0.0,5.6,98.5,0.2
2020-02-09 11:30:00-05:00,948,0.0,7.8,98.5,0.14
2020-02-09 12:30:00-05:00,949,0.0,9.4,98.4,0.13
2020-02-09 13:30:00-05:00,950,0.0,10.6,98.3,0.14
2020-02-09 14:30:00-05:00,951,0.0,11.1,98.3,0.15
2020-02-09 15:30:00-05:00,952,0.0,12.2,98.2,0.16
2020-02-09 16:30:00-05:00,953,0.0,11.7,98.3,0.17
2020-02-09 17:30:00-05:00,954,0.0,10.6,98.3,0.21
2020-02-09 18:30:00-05:00,955,0.0,9.4,98.4,0.22
2020-02-09 19:30:00-05:00,956,0.0,8.9,98.4,0.25
2020-02-09 20:30:00-05:00,957,0.0,8.3,98.4,0.28
2020-02-09 21:30:00-05:00,958,0.0,7.8,98.4,0.31
2020-02-09 22:30:00-05:00,959,0.0,6.7,98.5,0.35
2020-02-09 23:30:00-05:00,960,0.0,6.7,98.4,0.37
2020-02-10 00:30:00-05:00,961,0.0,6.1,98.3,0.42
2020-02-10 01:30:00-05:00,962,0.0,6.1,98.3,0.42
2020-02-10 02:30:00-05:00,963,0.0,5.6,98.3,0.47
2020-02-10 03:30:00-05:00,964,0.0,5.6,98.1,0.55
2020-02-10 04:30:00-05:00,965,0.0,5.0,98.0,0.65
2020-02-10 05:30:00-05:00,966,0.0,5.6,98.2,0.68
2020-02-10 06:30:00-05:00,967,0.0,5.6,98.1,0.68
2020-02-10 07:30:00-05:00,968,0.0,5.6,98.1,0.68
2020-02-10 08:30:00-05:00,969,0.0,4.4,97.9,0.86
2020-02-10 09:30:00-05:00,970,0.0,4.4,97.9,0.89
2020-02-10 10:30:00-05:00,971,0.0,4.4,97.7,0.93
2020-02-10 11:30:00-05:00,972,0.0,5.6,97.5,0.93
2020-02-10 12:30:00-05:00,973,0.0,6.7,97.6,0.96
2020-02-10 13:30:00-05:00,974,0.0,6.7,97.4,1.0
2020-02-10 14:30:00-05:00,975,0.0,6.7,97.4,1.0
2020-02-10 15:30:00-05:00,976,0.0,6.7,97.3,1.0
2020-02-10 16:30:00-05:00,977,0.0,6.7,97.3,1.0
2020-02-10 17:30:00-05:00,978,0.0,6.7,97.3,0.96
2020-02-10 18:30:00-05:00,979,0.0,6.7,97.3,1.0
2020-02-10 19:30:00-05:00,980,0.0,6.7,97.4,1.0
2020-02-10 20:30:00-05:00,981,0.0,7.8,97.4,1.0
2020-02-10 21:30:00-05:00,982,0.0,8.3,97.3,0.96
2020-02-10 22:30:00-05:00,983,0.0,10.0,97.3,0.96
2020-02-10 23:30:00-05:00,984,0.0,10.6,96.9,0.96
2020-02-11 00:30:00-05:00,985,0.0,11.7,96.9,0.96
2020-02-11 01:30:00-05:00,986,0.0,11.7,96.9,0.96
2020-02-11 02:30:00-05:00,987,0.0,12.2,97.0,0.9
2020-02-11 03:30:00-05:00,988,0.0,11.7,97.0,0.96
2020-02-11 04:30:00-05:00,989,0.0,11.7,97.1,0.96
2020-02-11 05:30:00-05:00,990,0.0,12.2,97.1,0.96
2020-02-11 06:30:00-05:00,991,0.0,12.2,97.2,0.9
2020-02-11 07:30:00-05:00,992,0.0,12.2,97.4,0.9
2020-02-11 08:30:00-05:00,993,0.0,9.4,97.5,0.89
2020-02-11 09:30:00-05:00,994,0.0,6.7,97.7,0.8
2020-02-11 10:30:00-05:00,995,0.0,2.2,98.0,0.89
2020-02-11 11:30:00-05:00,996,0.0,-1.7,98.2,0.85
2020-02-11 12:30:00-05:00,997,0.0,0.0,98.3,0.69
2020-02-11 13:30:00-05:00,998,0.0,0.0,98.4,0.61
2020-02-11 14:30:00-05:00,999,0.0,-2.2,98.6,0.61
2020-02-11 15:30:00-05:00,1000,0.0,-3.3,98.8,0.6
2020-02-11 16:30:00-05:00,1001,0.0,-3.3,98.9,0.58
2020-02-11 17:30:00-05:00,1002,0.0,-5.0,99.2,0.57
2020-02-11 18:30:00-05:00,1003,0.0,-6.1,99.2,0.55
2020-02-11 19:30:00-05:00,1004,0.0,-6.7,99.3,0.57
2020-02-11 20:30:00-05:00,1005,0.0,-7.2,99.4,0.57
2020-02-11 21:30:00-05:00,1006,0.0,-7.8,99.6,0.57
2020-02-11 22:30:00-05:00,1007,0.0,-8.3,99.6,0.51
2020-02-11 23:30:00-05:00,1008,0.0,-9.4,99.7,0.51
2020-02-12 00:30:00-05:00,1009,0.0,-10.0,99.7,0.53
2020-02-12 01:30:00-05:00,1010,0.0,-10.6,99.8,0.53
2020-02-12 02:30:00-05:00,1011,0.0,-11.1,99.7,0.53
2020-02-12 03:30:00-05:00,1012,0.0,-11.7,99.8,0.55
2020-02-12 04:30:00-05:00,1013,0.0,-11.7,99.8,0.55
2020-02-12 05:30:00-05:00,1014,0.0,-12.2,99.8,0.58
2020-02-12 06:30:00-05:00,1015,0.0,-12.8,99.9,0.63
2020-02-12 07:30:00-05:00,1016,0.0,-12.2,100.0,0.61
2020-02-12 08:30:00-05:00,1017,0.0,-10.6,100.2,0.56
2020-02-12 09:30:00-05:00,1018,0.0,-8.3,100.2,0.49
2020-02-12 10:30:00-05:00,1019,0.0,-5.0,100.2,0.38
2020-02-12 11:30:00-05:00,1020,0.0,-2.2,100.3,0.34
2020-02-12 12:30:00-05:00,1021,0.0,-1.1,100.2,0.33
2020-02-12 13:30:00-05:00,1022,0.0,0.6,100.1,0.3
2020-02-12 14:30:00-05:00,1023,0.0,2.8,100.1,0.25
2020-02-12 15:30:00-05:00,1024,0.0,3.3,100.0,0.23
2020-02-12 16:30:00-05:00,1025,0.0,3.9,100.0,0.21
2020-02-12 17:30:00-05:00,1026,0.0,1.7,100.1,0.24
2020-02-12 18:30:00-05:00,1027,0.0,0.6,100.1,0.28
2020-02-12 19:30:00-05:00,1028,0.0,0.0,100.1,0.3
2020-02-12 20:30:00-05:00,1029,0.0,-1.1,100.2,0.33
2020-02-12 21:30:00-05:00,1030,0.0,-1.7,100.2,0.36
2020-02-12 22:30:00-05:00,1031,0.0,-2.2,100.2,0.39
2020-02-12 23:30:00-05:00,1032,0.0,-2.2,100.2,0.37
2020-02-13 00:30:00-05:00,1033,0.0,-3.3,100.2,0.4
2020-02-13 01:30:00-05:00,1034,0.0,-3.3,100.3,0.4
2020-02-13 02:30:00-05:00,1035,0.0,-3.9,100.3,0.4
2020-02-13 03:30:00-05:00,1036,0.0,-5.0,100.3,0.44
2020-02-13 04:30:00-05:00,1037,0.0,-5.0,100.2,0.42
2020-02-13 05:30:00-05:00,1038,0.0,-5.6,100.3,0.42
2020-02-13 06:30:00-05:00,1039,0.0,-5.6,100.3,0.42
2020-02-13 07:30:00-05:00,1040,0.0,-5.6,100.4,0.44
2020-02-13 08:30:00-05:00,1041,0.0,-3.3,100.4,0.37
2020-02-13 09:30:00-05:00,1042,0.0,-1.1,100.4,0.31
2020-02-13 10:30:00-05:00,1043,0.0,0.6,100.4,0.28
2020-02-13 11:30:00-05:00,1044,0.0,2.8,100.4,0.26
2020-02-13 12:30:00-05:00,1045,0.0,4.4,100.3,0.22
2020-02-13 13:30:00-05:00,1046,0.0,5.0,100.2,0.2
2020-02-13 14:30:00-05:00,1047,0.0,6.7,100.1,0.19
2020-02-13 15:30:00-05:00,1048,0.0,6.1,100.1,0.21
2020-02-13 16:30:00-05:00,1049,0.0,6.1,100.1,0.23
2020-02-13 17:30:00-05:00,1050,0.0,5.6,100.0,0.26
2020-02-13 18:30:00-05:00,1051,0.0,5.0,100.0,0.28
2020-02-13 19:30:00-05:00,1052,0.0,4.4,100.0,0.3
2020-02-13 20:30:00-05:00,1053,0.0,3.9,100.1,0.31
2020-02-13 21:30:00-05:00,1054,0.0,3.9,100.1,0.3
2020-02-13 22:30:00-05:00,1055,0.0,3.9,100.1,0.31
2020-02-13 23:30:00-05:00,1056,0.0,3.9,100.1,0.33
2020-02-14 00:30:00-05:00,1057,0.0,3.3,100.1,0.36
2020-02-14 01:30:00-05:00,1058,0.0,2.8,100.0,0.37
2020-02-14 02:30:00-05:00,1059,0.0,2.2,100.0,0.37
2020-02-14 03:30:00-05:00,1060,0.0,2.2,100.0,0.37
2020-02-14 04:30:00-05:00,1061,0.0,1.7,100.0,0.4
2020-02-14 05:30:00-05:00,1062,0.0,1.1,100.0,0.44
2020-02-14 06:30:00-05:00,1063,0.0,1.1,100.0,0.44
2020-02-14 07:30:00-05:00,1064,0.0,0.6,100.0,0.48
2020-02-14 08:30:00-05:00,1065,0.0,2.2,100.1,0.42
2020-02-14 09:30:00-05:00,1066,0.0,5.6,100.1,0.4
2020-02-14 10:30:00-05:00,1067,0.0,7.2,100.1,0.42
2020-02-14 11:30:00-05:00,1068,0.0,10.0,100.0,0.39
2020-02-14 12:30:00-05:00,1069,0.0,10.6,99.9,0.45
2020-02-14 13:30:00-05:00,1070,0.0,12.2,99.8,0.43
2020-02-14 14:30:00-05:00,1071,0.0,12.8,99.7,0.43
2020-02-14 15:30:00-05:00,1072,0.0,13.9,99.6,0.42
2020-02-14 16:30:00-05:00,1073,0.0,13.3,99.6,0.44
2020-02-14 17:30:00-05:00,1074,0.0,12.2,99.6,0.47
2020-02-14 18:30:00-05:00,1075,0.0,10.0,99.6,0.52
2020-02-14 19:30:00-05:00,1076,0.0,8.3,99.6,0.58
2020-02-14 20:30:00-05:00,1077,0.0,8.3,99.6,0.58
2020-02-14 21:30:00-05:00,1078,0.0,7.2,99.6,0.63
2020-02-14 22:30:00-05:00,1079,0.0,6.1,99.6,0.65
2020-02-14 23:30:00-05:00,1080,0.0,5.6,99.6,0.68
2020-02-15 00:30:00-05:00,1081,0.0,5.6,99.6,0.68
2020-02-15 01:30:00-05:00,1082,0.0,5.0,99.6,0.73
2020-02-15 02:30:00-05:00,1083,0.0,4.4,99.6,0.73
2020-02-15 03:30:00-05:00,1084,0.0,3.9,99.6,0.76
2020-02-15 04:30:00-05:00,1085,0.0,4.4,99.6,0.73
2020-02-15 05:30:00-05:00,1086,0.0,4.4,99.6,0.73
2020-02-15 06:30:00-05:00,1087,0.0,4.4,99.6,0.7
2020-02-15 07:30:00-05:00,1088,0.0,4.4,99.7,0.7
2020-02-15 08:30:00-05:00,1089,0.0,5.0,99.7,0.68
2020-02-15 09:30:00-05:00,1090,0.0,7.8,99.7,0.61
2020-02-15 10:30:00-05:00,1091,0.0,9.4,99.7,0.56
2020-02-15 11:30:00-05:00,1092,0.0,11.7,99.6,0.55
2020-02-15 12:30:00-05:00,1093,0.0,12.8,99.5,0.55
2020-02-15 13:30:00-05:00,1094,0.0,15.0,99.4,0.5
2020-02-15 14:30:00-05:00,1095,0.0,16.1,99.3,0.48
2020-02-15 15:30:00-05:00,1096,0.0,16.1,99.3,0.46
2020-02-15 16:30:00-05:00,1097,0.0,16.1,99.2,0.48
2020-02-15 17:30:00-05:00,1098,0.0,15.6,99.2,0.5
2020-02-15 18:30:00-05:00,1099,0.0,13.9,99.3,0.53
2020-02-15 19:30:00-05:00,1100,0.0,13.3,99.3,0.55
2020-02-15 20:30:00-05:00,1101,0.0,13.3,99.3,0.53
2020-02-15 21:30:00-05:00,1102,0.0,12.8,99.3,0.53
2020-02-15 22:30:00-05:00,1103,0.0,12.8,99.3,0.51
2020-02-15 23:30:00-05:00,1104,0.0,12.2,99.2,0.51
2020-02-16 00:30:00-05:00,1105,0.0,11.7,99.2,0.55
2020-02-16 01:30:00-05:00,1106,0.0,11.1,99.2,0.59
2020-02-16 02:30:00-05:00,1107,0.0,11.1,99.1,0.66
2020-02-16 03:30:00-05:00,1108,0.0,10.6,99.1,0.71
2020-02-16 04:30:00-05:00,1109,0.0,10.6,99.1,0.74
2020-02-16 05:30:00-05:00,1110,0.0,10.6,99.1,0.8
2020-02-16 06:30:00-05:00,1111,0.0,10.0,99.2,0.86
2020-02-16 07:30:00-05:00,1112,0.0,10.0,99.2,0.86
2020-02-16 08:30:00-05:00,1113,0.0,10.6,99.2,0.83
2020-02-16 09:30:00-05:00,1114,0.0,12.2,99.2,0.77
2020-02-16 10:30:00-05:00,1115,0.0,15.0,99.2,0.67
2020-02-16 11:30:00-05:00,1116,0.0,15.6,99.1,0.65
2020-02-16 12:30:00-05:00,1117,0.0,17.2,99.1,0.6
2020-02-16 13:30:00-05:00,1118,0.0,18.3,99.0,0.56
2020-02-16 14:30:00-05:00,1119,0.0,19.4,98.9,0.55
2020-02-16 15:30:00-05:00,1120,0.0,20.0,98.9,0.49
2020-02-16 16:30:00-05:00,1121,0.0,20.6,98.9,0.47
2020-02-16 17:30:00-05:00,1122,0.0,18.9,98.9,0.52
2020-02-16 18:30:00-05:00,1123,0.0,17.8,98.9,0.56
2020-02-16 19:30:00-05:00,1124,0.0,17.2,98.9,0.58
2020-02-16 20:30:00-05:00,1125,0.0,16.1,98.9,0.65
2020-02-16 21:30:00-05:00,1126,0.0,16.1,98.9,0.65
2020-02-16 22:30:00-05:00,1127,0.0,15.0,98.9,0.7
2020-02-16 23:30:00-05:00,1128,0.0,15.0,98.9,0.7
2020-02-17 00:30:00-05:00,1129,0.0,14.4,98.8,0.75
2020-02-17 01:30:00-05:00,1130,0.0,13.9,98.8,0.8
2020-02-17 02:30:00-05:00,1131,0.0,13.3,98.8,0.83
2020-02-17 03:30:00-05:00,1132,0.0,13.3,98.7,0.87
2020-02-17 04:30:00-05:00,1133,0.0,13.3,98.7,0.87
2020-02-17 05:30:00-05:00,1134,0.0,12.8,98.7,0.9
2020-02-17 06:30:00-05:00,1135,0.0,12.8,98.8,0.9
2020-02-17 07:30:00-05:00,1136,0.0,12.8,98.8,0.93
2020-02-17 08:30:00-05:00,1137,0.0,12.8,98.8,0.93
2020-02-17 09:30:00-05:00,1138,0.0,13.3,98.8,0.93
2020-02-17 10:30:00-05:00,1139,0.0,13.3,98.8,0.96
2020-02-17 11:30:00-05:00,1140,0.0,13.9,98.8,0.93
2020-02-17 12:30:00-05:00,1141,0.0,13.9,98.7,0.96
2020-02-17 13:30:00-05:00,1142,0.0,13.9,98.6,0.96
2020-02-17 14:30:00-05:00,1143,0.0,14.4,98.6,0.93
2020-02-17 15:30:00-05:00,1144,0.0,15.0,98.5,0.93
2020-02-17 16:30:00-05:00,1145,0.0,15.6,98.5,0.93
2020-02-17 17:30:00-05:00,1146,0.0,15.6,98.5,0.93
2020-02-17 18:30:00-05:00,1147,0.0,15.0,98.5,0.97
2020-02-17 19:30:00-05:00,1148,0.0,15.0,98.6,0.97
2020-02-17 20:30:00-05:00,1149,0.0,14.4,98.6,0.96
2020-02-17 21:30:00-05:00,1150,0.0,13.9,98.7,1.0
2020-02-17 22:30:00-05:00,1151,0.0,13.9,98.7,1.0
2020-02-17 23:30:00-05:00,1152,0.0,13.9,98.6,1.0
2020-02-18 00:30:00-05:00,1153,0.0,13.3,98.6,1.0
2020-02-18 01:30:00-05:00,1154,0.0,13.3,98.5,1.0
2020-02-18 02:30:00-05:00,1155,0.0,13.3,98.5,1.0
2020-02-18 03:30:00-05:00,1156,0.0,13.3,98.4,1.0
2020-02-18 04:30:00-05:00,1157,0.0,13.9,98.4,1.0
2020-02-18 05:30:00-05:00,1158,0.0,13.9,98.4,1.0
2020-02-18 06:30:00-05:00,1159,0.0,14.4,98.4,0.96
2020-02-18 07:30:00-05:00,1160,0.0,14.4,98.4,0.96
2020-02-18 08:30:00-05:00,1161,0.0,14.4,98.4,0.96
2020-02-18 09:30:00-05:00,1162,0.0,14.4,98.4,0.96
2020-02-18 10:30:00-05:00,1163,0.0,14.4,98.4,0.96
2020-02-18 11:30:00-05:00,1164,0.0,14.4,98.4,0.96
2020-02-18 12:30:00-05:00,1165,0.0,15.6,98.3,0.9
2020-02-18 13:30:00-05:00,1166,0.0,15.6,98.2,0.93
2020-02-18 14:30:00-05:00,1167,0.0,16.1,98.2,0.9
2020-02-18 15:30:00-05:00,1168,0.0,17.2,98.1,0.87
2020-02-18 16:30:00-05:00,1169,0.0,17.2,98.1,0.87
2020-02-18 17:30:00-05:00,1170,0.0,16.7,98.1,0.87
2020-02-18 18:30:00-05:00,1171,0.0,16.1,98.1,0.9
2020-02-18 19:30:00-05:00,1172,0.0,15.6,98.1,0.93
2020-02-18 20:30:00-05:00,1173,0.0,14.4,98.2,1.0
2020-02-18 21:30:00-05:00,1174,0.0,14.4,98.2,1.0
2020-02-18 22:30:00-05:00,1175,0.0,13.9,98.2,1.0
2020-02-18 23:30:00-05:00,1176,0.0,13.9,98.1,1.0
2020-02-19 00:30:00-05:00,1177,0.0,13.9,98.1,1.0
2020-02-19 01:30:00-05:00,1178,0.0,13.3,98.0,1.0
2020-02-19 02:30:00-05:00,1179,0.0,13.3,98.0,1.0
2020-02-19 03:30:00-05:00,1180,0.0,13.3,98.0,1.0
2020-02-19 04:30:00-05:00,1181,0.0,13.3,97.9,1.0
2020-02-19 05:30:00-05:00,1182,0.0,12.8,97.9,1.0
2020-02-19 06:30:00-05:00,1183,0.0,12.8,97.9,1.0
2020-02-19 07:30:00-05:00,1184,0.0,12.8,97.9,1.0
2020-02-19 08:30:00-05:00,1185,0.0,12.8,98.0,0.96
2020-02-19 09:30:00-05:00,1186,0.0,12.8,98.0,0.96
2020-02-19 10:30:00-05:00,1187,0.0,13.9,97.9,0.96
2020-02-19 11:30:00-05:00,1188,0.0,15.0,97.9,0.9
2020-02-19 12:30:00-05:00,1189,0.0,17.8,97.8,0.78
2020-02-19 13:30:00-05:00,1190,0.0,18.3,97.7,0.7
2020-02-19 14:30:00-05:00,1191,0.0,19.4,97.6,0.63
2020-02-19 15:30:00-05:00,1192,0.0,19.4,97.6,0.63
2020-02-19 16:30:00-05:00,1193,0.0,19.4,97.5,0.61
2020-02-19 17:30:00-05:00,1194,0.0,19.4,97.5,0.61
2020-02-19 18:30:00-05:00,1195,0.0,17.8,97.5,0.63
2020-02-19 19:30:00-05:00,1196,0.0,15.6,97.5,0.67
2020-02-19 20:30:00-05:00,1197,0.0,13.9,97.5,0.72
2020-02-19 21:30:00-05:00,1198,0.0,15.0,97.5,0.65
2020-02-19 22:30:00-05:00,1199,0.0,13.9,97.4,0.69
2020-02-19 23:30:00-05:00,1200,0.0,13.9,97.4,0.69
2020-02-20 00:30:00-05:00,1201,0.0,12.8,97.4,0.75
2020-02-20 01:30:00-05:00,1202,0.0,12.2,97.3,0.8
2020-02-20 02:30:00-05:00,1203,0.0,12.2,97.2,0.83
2020-02-20 03:30:00-05:00,1204,0.0,12.2,97.2,0.86
2020-02-20 04:30:00-05:00,1205,0.0,12.2,97.2,0.86
2020-02-20 05:30:00-05:00,1206,0.0,11.7,97.2,0.86
2020-02-20 06:30:00-05:00,1207,0.0,11.1,97.3,0.83
2020-02-20 07:30:00-05:00,1208,0.0,10.6,97.3,0.8
2020-02-20 08:30:00-05:00,1209,0.0,11.7,97.4,0.72
2020-02-20 09:30:00-05:00,1210,0.0,13.9,97.4,0.49
2020-02-20 10:30:00-05:00,1211,0.0,15.6,97.4,0.38
2020-02-20 11:30:00-05:00,1212,0.0,17.2,97.5,0.34
2020-02-20 12:30:00-05:00,1213,0.0,17.8,97.4,0.34
2020-02-20 13:30:00-05:00,1214,0.0,18.3,97.4,0.34
2020-02-20 14:30:00-05:00,1215,0.0,18.9,97.4,0.33
2020-02-20 15:30:00-05:00,1216,0.0,19.4,97.4,0.31
2020-02-20 16:30:00-05:00,1217,0.0,18.3,97.4,0.33
2020-02-20 17:30:00-05:00,1218,0.0,17.2,97.5,0.35
2020-02-20 18:30:00-05:00,1219,0.0,14.4,97.5,0.42
2020-02-20 19:30:00-05:00,1220,0.0,12.8,97.6,0.49
2020-02-20 20:30:00-05:00,1221,0.0,11.7,97.6,0.53
2020-02-20 21:30:00-05:00,1222,0.0,10.0,97.6,0.61
2020-02-20 22:30:00-05:00,1223,0.0,10.6,97.6,0.57
2020-02-20 23:30:00-05:00,1224,0.0,10.0,97.7,0.59
2020-02-21 00:30:00-05:00,1225,0.0,9.4,97.6,0.59
2020-02-21 01:30:00-05:00,1226,0.0,7.8,97.6,0.66
2020-02-21 02:30:00-05:00,1227,0.0,7.8,97.6,0.66
2020-02-21 03:30:00-05:00,1228,0.0,6.7,97.6,0.71
2020-02-21 04:30:00-05:00,1229,0.0,6.7,97.7,0.71
2020-02-21 05:30:00-05:00,1230,0.0,5.6,97.7,0.76
2020-02-21 06:30:00-05:00,1231,0.0,5.6,97.7,0.76
2020-02-21 07:30:00-05:00,1232,0.0,5.6,97.8,0.76
2020-02-21 08:30:00-05:00,1233,0.0,9.4,97.8,0.61
2020-02-21 09:30:00-05:00,1234,0.0,13.3,97.9,0.49
2020-02-21 10:30:00-05:00,1235,0.0,16.7,97.9,0.37
2020-02-21 11:30:00-05:00,1236,0.0,18.3,97.9,0.3
2020-02-21 12:30:00-05:00,1237,0.0,20.6,97.8,0.23
2020-02-21 13:30:00-05:00,1238,0.0,21.7,97.7,0.21
2020-02-21 14:30:00-05:00,1239,0.0,22.8,97.6,0.22
2020-02-21 15:30:00-05:00,1240,0.0,22.2,97.6,0.23
2020-02-21 16:30:00-05:00,1241,0.0,21.7,97.6,0.21
2020-02-21 17:30:00-05:00,1242,0.0,20.0,97.6,0.25
2020-02-21 18:30:00-05:00,1243,0.0,18.3,97.6,0.28
2020-02-21 19:30:00-05:00,1244,0.0,17.2,97.6,0.31
2020-02-21 20:30:00-05:00,1245,0.0,16.7,97.6,0.34
2020-02-21 21:30:00-05:00,1246,0.0,14.4,97.6,0.39
2020-02-21 22:30:00-05:00,1247,0.0,13.9,97.6,0.46
2020-02-21 23:30:00-05:00,1248,0.0,13.9,97.6,0.46
2020-02-22 00:30:00-05:00,1249,0.0,15.6,97.5,0.36
2020-02-22 01:30:00-05:00,1250,0.0,15.6,97.5,0.35
2020-02-22 02:30:00-05:00,1251,0.0,13.9,97.5,0.44
2020-02-22 03:30:00-05:00,1252,0.0,12.8,97.5,0.53
2020-02-22 04:30:00-05:00,1253,0.0,12.8,97.6,0.51
2020-02-22 05:30:00-05:00,1254,0.0,12.2,97.6,0.47
2020-02-22 06:30:00-05:00,1255,0.0,11.1,97.6,0.5
2020-02-22 07:30:00-05:00,1256,0.0,10.6,97.6,0.52
2020-02-22 08:30:00-05:00,1257,0.0,11.7,97.6,0.45
2020-02-22 09:30:00-05:00,1258,0.0,12.8,97.6,0.42
2020-02-22 10:30:00-05:00,1259,0.0,13.9,97.6,0.4
2020-02-22 11:30:00-05:00,1260,0.0,17.2,97.5,0.34
2020-02-22 12:30:00-05:00,1261,0.0,18.9,97.4,0.33
2020-02-22 13:30:00-05:00,1262,0.0,20.6,97.3,0.35
2020-02-22 14:30:00-05:00,1263,0.0,20.0,97.2,0.41
2020-02-22 15:30:00-05:00,1264,0.0,14.4,97.3,0.9
2020-02-22 16:30:00-05:00,1265,0.0,15.0,97.2,0.9
2020-02-22 17:30:00-05:00,1266,0.0,13.9,97.1,0.96
2020-02-22 18:30:00-05:00,1267,0.0,13.9,97.1,0.96
2020-02-22 19:30:00-05:00,1268,0.0,14.4,97.1,0.96
2020-02-22 20:30:00-05:00,1269,0.0,14.4,97.1,0.96
2020-02-22 21:30:00-05:00,1270,0.0,14.4,97.1,0.96
2020-02-22 22:30:00-05:00,1271,0.0,13.9,97.1,0.96
2020-02-22 23:30:00-05:00,1272,0.0,12.2,97.2,0.77
2020-02-23 00:30:00-05:00,1273,0.0,9.4,97.2,0.83
2020-02-23 01:30:00-05:00,1274,0.0,8.9,97.3,0.77
2020-02-23 02:30:00-05:00,1275,0.0,7.8,97.3,0.83
2020-02-23 03:30:00-05:00,1276,0.0,6.7,97.3,0.8
2020-02-23 04:30:00-05:00,1277,0.0,6.1,97.3,0.79
2020-02-23 05:30:00-05:00,1278,0.0,5.6,97.3,0.79
2020-02-23 06:30:00-05:00,1279,0.0,5.0,97.4,0.82
2020-02-23 07:30:00-05:00,1280,0.0,5.0,97.4,0.82
2020-02-23 08:30:00-05:00,1281,0.0,6.1,97.4,0.76
2020-02-23 09:30:00-05:00,1282,0.0,8.3,97.4,0.61
2020-02-23 10:30:00-05:00,1283,0.0,10.6,97.4,0.46
2020-02-23 11:30:00-05:00,1284,0.0,12.2,97.3,0.42
2020-02-23 12:30:00-05:00,1285,0.0,13.3,97.3,0.36
2020-02-23 13:30:00-05:00,1286,0.0,13.9,97.1,0.3
2020-02-23 14:30:00-05:00,1287,0.0,15.0,97.0,0.27
2020-02-23 15:30:00-05:00,1288,0.0,16.1,97.0,0.26
2020-02-23 16:30:00-05:00,1289,0.0,15.6,97.0,0.24
2020-02-23 17:30:00-05:00,1290,0.0,14.4,97.1,0.21
2020-02-23 18:30:00-05:00,1291,0.0,13.3,97.1,0.23
2020-02-23 19:30:00-05:00,1292,0.0,11.7,97.2,0.26
2020-02-23 20:30:00-05:00,1293,0.0,8.9,97.3,0.33
2020-02-23 21:30:00-05:00,1294,0.0,8.9,97.3,0.32
2020-02-23 22:30:00-05:00,1295,0.0,7.8,97.4,0.36
2020-02-23 23:30:00-05:00,1296,0.0,6.7,97.4,0.4
2020-02-24 00:30:00-05:00,1297,0.0,6.1,97.4,0.4
2020-02-24 01:30:00-05:00,1298,0.0,5.6,97.4,0.41
2020-02-24 02:30:00-05:00,1299,0.0,5.0,97.3,0.45
2020-02-24 03:30:00-05:00,1300,0.0,5.0,97.3,0.47
2020-02-24 04:30:00-05:00,1301,0.0,3.9,97.4,0.53
2020-02-24 05:30:00-05:00,1302,0.0,3.9,97.5,0.53
2020-02-24 06:30:00-05:00,1303,0.0,2.8,97.5,0.57
2020-02-24 07:30:00-05:00,1304,0.0,4.4,97.6,0.51
2020-02-24 08:30:00-05:00,1305,0.0,7.2,97.7,0.44
2020-02-24 09:30:00-05:00,1306,0.0,9.4,97.7,0.39
2020-02-24 10:30:00-05:00,1307,0.0,11.7,97.8,0.34
2020-02-24 11:30:00-05:00,1308,0.0,13.3,97.8,0.27
2020-02-24 12:30:00-05:00,1309,0.0,15.0,97.8,0.23
2020-02-24 13:30:00-05:00,1310,0.0,15.6,97.7,0.24
2020-02-24 14:30:00-05:00,1311,0.0,16.7,97.7,0.24
2020-02-24 15:30:00-05:00,1312,0.0,16.1,97.8,0.25
2020-02-24 16:30:00-05:00,1313,0.0,16.1,97.8,0.25
2020-02-24 17:30:00-05:00,1314,0.0,15.0,97.9,0.26
2020-02-24 18:30:00-05:00,1315,0.0,12.8,98.0,0.3
2020-02-24 19:30:00-05:00,1316,0.0,11.1,98.0,0.34
2020-02-24 20:30:00-05:00,1317,0.0,8.9,98.0,0.39
2020-02-24 21:30:00-05:00,1318,0.0,7.2,98.1,0.44
2020-02-24 22:30:00-05:00,1319,0.0,6.7,98.1,0.47
2020-02-24 23:30:00-05:00,1320,0.0,7.2,98.1,0.44
2020-02-25 00:30:00-05:00,1321,0.0,6.7,98.1,0.45
2020-02-25 01:30:00-05:00,1322,0.0,4.4,98.1,0.53
2020-02-25 02:30:00-05:00,1323,0.0,6.1,98.1,0.47
2020-02-25 03:30:00-05:00,1324,0.0,3.9,98.1,0.55
2020-02-25 04:30:00-05:00,1325,0.0,3.3,98.1,0.6
2020-02-25 05:30:00-05:00,1326,0.0,2.2,98.2,0.64
2020-02-25 06:30:00-05:00,1327,0.0,1.7,98.2,0.64
2020-02-25 07:30:00-05:00,1328,0.0,3.3,98.2,0.6
2020-02-25 08:30:00-05:00,1329,0.0,7.2,98.3,0.47
2020-02-25 09:30:00-05:00,1330,0.0,11.1,98.3,0.37
2020-02-25 10:30:00-05:00,1331,0.0,15.0,98.3,0.29
2020-02-25 11:30:00-05:00,1332,0.0,17.8,98.3,0.25
2020-02-25 12:30:00-05:00,1333,0.0,18.9,98.2,0.23
2020-02-25 13:30:00-05:00,1334,0.0,20.0,98.1,0.21
2020-02-25 14:30:00-05:00,1335,0.0,21.7,98.1,0.19
2020-02-25 15:30:00-05:00,1336,0.0,20.6,98.0,0.19
2020-02-25 16:30:00-05:00,1337,0.0,20.0,98.0,0.21
2020-02-25 17:30:00-05:00,1338,0.0,18.3,98.0,0.24
2020-02-25 18:30:00-05:00,1339,0.0,17.2,98.0,0.25
2020-02-25 19:30:00-05:00,1340,0.0,13.9,98.0,0.33
2020-02-25 20:30:00-05:00,1341,0.0,12.8,98.1,0.39
2020-02-25 21:30:00-05:00,1342,0.0,12.2,98.1,0.4
2020-02-25 22:30:00-05:00,1343,0.0,10.6,98.1,0.46
2020-02-25 23:30:00-05:00,1344,0.0,11.1,98.1,0.45
2020-02-26 00:30:00-05:00,1345,0.0,10.0,98.1,0.5
2020-02-26 01:30:00-05:00,1346,0.0,8.9,98.1,0.54
2020-02-26 02:30:00-05:00,1347,0.0,9.4,98.1,0.52
2020-02-26 03:30:00-05:00,1348,0.0,8.3,98.1,0.56
2020-02-26 04:30:00-05:00,1349,0.0,7.2,98.1,0.6
2020-02-26 05:30:00-05:00,1350,0.0,8.3,98.1,0.56
2020-02-26 06:30:00-05:00,1351,0.0,8.3,98.2,0.56
2020-02-26 07:30:00-05:00,1352,0.0,10.0,98.3,0.52
2020-02-26 08:30:00-05:00,1353,0.0,13.3,98.3,0.42
2020-02-26 09:30:00-05:00,1354,0.0,16.1,98.3,0.36
2020-02-26 10:30:00-05:00,1355,0.0,20.6,98.3,0.29
2020-02-26 11:30:00-05:00,1356,0.0,22.8,98.3,0.26
2020-02-26 12:30:00-05:00,1357,0.0,23.9,98.2,0.25
2020-02-26 13:30:00-05:00,1358,0.0,24.4,98.1,0.23
2020-02-26 14:30:00-05:00,1359,0.0,25.0,98.1,0.22
2020-02-26 15:30:00-05:00,1360,0.0,24.4,98.1,0.22
2020-02-26 16:30:00-05:00,1361,0.0,23.9,98.1,0.22
2020-02-26 17:30:00-05:00,1362,0.0,22.8,98.1,0.24
2020-02-26 18:30:00-05:00,1363,0.0,20.0,98.1,0.3
2020-02-26 19:30:00-05:00,1364,0.0,20.0,98.2,0.3
2020-02-26 20:30:00-05:00,1365,0.0,16.7,98.2,0.4
2020-02-26 21:30:00-05:00,1366,0.0,16.1,98.2,0.41
2020-02-26 22:30:00-05:00,1367,0.0,15.0,98.2,0.44
2020-02-26 23:30:00-05:00,1368,0.0,13.9,98.3,0.47
2020-02-27 00:30:00-05:00,1369,0.0,13.3,98.3,0.49
2020-02-27 01:30:00-05:00,1370,0.0,12.8,98.3,0.51
2020-02-27 02:30:00-05:00,1371,0.0,12.2,98.3,0.55
2020-02-27 03:30:00-05:00,1372,0.0,11.1,98.3,0.53
2020-02-27 04:30:00-05:00,1373,0.0,11.7,98.4,0.43
2020-02-27 05:30:00-05:00,1374,0.0,10.0,98.4,0.44
2020-02-27 06:30:00-05:00,1375,0.0,8.9,98.5,0.46
2020-02-27 07:30:00-05:00,1376,0.0,9.4,98.6,0.44
2020-02-27 08:30:00-05:00,1377,0.0,11.1,98.7,0.37
2020-02-27 09:30:00-05:00,1378,0.0,12.8,98.7,0.31
2020-02-27 10:30:00-05:00,1379,0.0,15.0,98.7,0.26
2020-02-27 11:30:00-05:00,1380,0.0,17.2,98.7,0.23
2020-02-27 12:30:00-05:00,1381,0.0,19.4,98.6,0.2
2020-02-27 13:30:00-05:00,1382,0.0,20.6,98.5,0.21
2020-02-27 14:30:00-05:00,1383,0.0,21.1,98.4,0.22
2020-02-27 15:30:00-05:00,1384,0.0,22.8,98.4,0.22
2020-02-27 16:30:00-05:00,1385,0.0,22.2,98.3,0.25
2020-02-27 17:30:00-05:00,1386,0.0,21.7,98.3,0.26
2020-02-27 18:30:00-05:00,1387,0.0,20.0,98.3,0.29
2020-02-27 19:30:00-05:00,1388,0.0,18.9,98.4,0.32
2020-02-27 20:30:00-05:00,1389,0.0,17.8,98.4,0.34
2020-02-27 21:30:00-05:00,1390,0.0,15.6,98.4,0.38
2020-02-27 22:30:00-05:00,1391,0.0,14.4,98.4,0.41
2020-02-27 23:30:00-05:00,1392,0.0,14.4,98.4,0.41
2020-02-28 00:30:00-05:00,1393,0.0,14.4,98.4,0.41
2020-02-28 01:30:00-05:00,1394,0.0,12.8,98.4,0.43
2020-02-28 02:30:00-05:00,1395,0.0,12.8,98.3,0.43
2020-02-28 03:30:00-05:00,1396,0.0,11.1,98.3,0.49
2020-02-28 04:30:00-05:00,1397,0.0,10.6,98.3,0.5
2020-02-28 05:30:00-05:00,1398,0.0,10.6,98.3,0.48
2020-02-28 06:30:00-05:00,1399,0.0,11.7,98.3,0.45
2020-02-28 07:30:00-05:00,1400,0.0,11.7,98.3,0.45
2020-02-28 08:30:00-05:00,1401,0.0,12.8,98.3,0.47
2020-02-28 09:30:00-05:00,1402,0.0,16.7,98.3,0.38
2020-02-28 10:30:00-05:00,1403,0.0,20.6,98.3,0.35
2020-02-28 11:30:00-05:00,1404,0.0,22.2,98.2,0.3
2020-02-28 12:30:00-05:00,1405,0.0,23.3,98.1,0.28
2020-02-28 13:30:00-05:00,1406,0.0,25.0,98.0,0.27
2020-02-28 14:30:00-05:00,1407,0.0,25.0,97.9,0.27
2020-02-28 15:30:00-05:00,1408,0.0,23.3,97.8,0.27
2020-02-28 16:30:00-05:00,1409,0.0,23.9,97.7,0.27
2020-02-28 17:30:00-05:00,1410,0.0,22.8,97.8,0.28
2020-02-28 18:30:00-05:00,1411,0.0,21.7,97.8,0.31
2020-02-28 19:30:00-05:00,1412,0.0,20.6,97.8,0.34
2020-02-28 20:30:00-05:00,1413,0.0,20.6,97.8,0.34
2020-02-28 21:30:00-05:00,1414,0.0,18.9,97.7,0.37
2020-02-28 22:30:00-05:00,1415,0.0,17.3,97.7,0.39
2020-02-29 23:30:00-05:00,1416,0.0,15.6,97.7,0.37
2020-03-01 00:30:00-05:00,1417,0.0,13.9,98.3,0.5
2020-03-01 01:30:00-05:00,1418,0.0,12.2,98.3,0.52
2020-03-01 02:30:00-05:00,1419,0.0,10.6,98.3,0.56
2020-03-01 03:30:00-05:00,1420,0.0,8.9,98.2,0.56
2020-03-01 04:30:00-05:00,1421,0.0,8.9,98.2,0.56
2020-03-01 05:30:00-05:00,1422,0.0,8.3,98.2,0.66
2020-03-01 06:30:00-05:00,1423,0.0,8.9,98.2,0.77
2020-03-01 07:30:00-05:00,1424,0.0,8.9,98.3,0.83
2020-03-01 08:30:00-05:00,1425,0.0,8.9,98.3,0.86
2020-03-01 09:30:00-05:00,1426,0.0,8.9,98.1,0.86
2020-03-01 10:30:00-05:00,1427,0.0,9.4,98.2,0.86
2020-03-01 11:30:00-05:00,1428,0.0,10.0,98.2,0.86
2020-03-01 12:30:00-05:00,1429,0.0,10.0,98.1,0.83
2020-03-01 13:30:00-05:00,1430,0.0,10.6,97.9,0.86
2020-03-01 14:30:00-05:00,1431,0.0,11.1,97.9,0.83
2020-03-01 15:30:00-05:00,1432,0.0,11.7,97.8,0.8
2020-03-01 16:30:00-05:00,1433,0.0,11.7,97.8,0.8
2020-03-01 17:30:00-05:00,1434,0.0,11.7,97.7,0.8
2020-03-01 18:30:00-05:00,1435,0.0,11.1,97.7,0.9
2020-03-01 19:30:00-05:00,1436,0.0,10.6,97.8,0.93
2020-03-01 20:30:00-05:00,1437,0.0,10.6,97.8,0.93
2020-03-01 21:30:00-05:00,1438,0.0,11.1,97.8,0.9
2020-03-01 22:30:00-05:00,1439,0.0,10.6,97.8,0.9
2020-03-01 23:30:00-05:00,1440,0.0,10.0,97.8,0.93
2020-03-02 00:30:00-05:00,1441,0.0,10.0,97.8,0.9
2020-03-02 01:30:00-05:00,1442,0.0,10.0,97.8,0.93
2020-03-02 02:30:00-05:00,1443,0.0,9.4,97.8,0.96
2020-03-02 03:30:00-05:00,1444,0.0,9.4,97.8,0.93
2020-03-02 04:30:00-05:00,1445,0.0,9.4,97.9,0.93
2020-03-02 05:30:00-05:00,1446,0.0,9.4,97.9,0.93
2020-03-02 06:30:00-05:00,1447,0.0,9.4,97.9,0.9
2020-03-02 07:30:00-05:00,1448,0.0,9.4,98.0,0.83
2020-03-02 08:30:00-05:00,1449,0.0,10.0,98.1,0.83
2020-03-02 09:30:00-05:00,1450,0.0,11.7,98.1,0.77
2020-03-02 10:30:00-05:00,1451,0.0,13.3,98.1,0.67
2020-03-02 11:30:00-05:00,1452,0.0,15.0,98.1,0.62
2020-03-02 12:30:00-05:00,1453,0.0,16.1,98.1,0.52
2020-03-02 13:30:00-05:00,1454,0.0,16.7,98.0,0.5
2020-03-02 14:30:00-05:00,1455,0.0,16.7,98.0,0.52
2020-03-02 15:30:00-05:00,1456,0.0,16.7,98.0,0.52
2020-03-02 16:30:00-05:00,1457,0.0,15.6,98.0,0.52
2020-03-02 17:30:00-05:00,1458,0.0,15.0,98.0,0.52
2020-03-02 18:30:00-05:00,1459,0.0,13.9,98.1,0.55
2020-03-02 19:30:00-05:00,1460,0.0,12.8,98.1,0.6
2020-03-02 20:30:00-05:00,1461,0.0,11.7,98.2,0.64
2020-03-02 21:30:00-05:00,1462,0.0,10.6,98.2,0.69
2020-03-02 22:30:00-05:00,1463,0.0,9.4,98.2,0.74
2020-03-02 23:30:00-05:00,1464,0.0,8.3,98.2,0.8
2020-03-03 00:30:00-05:00,1465,0.0,8.3,98.2,0.74
2020-03-03 01:30:00-05:00,1466,0.0,7.2,98.2,0.83
2020-03-03 02:30:00-05:00,1467,0.0,6.7,98.2,0.86
2020-03-03 03:30:00-05:00,1468,0.0,6.7,98.2,0.83
2020-03-03 04:30:00-05:00,1469,0.0,7.2,98.2,0.8
2020-03-03 05:30:00-05:00,1470,0.0,7.2,98.3,0.77
2020-03-03 06:30:00-05:00,1471,0.0,6.1,98.3,0.8
2020-03-03 07:30:00-05:00,1472,0.0,7.2,98.4,0.71
2020-03-03 08:30:00-05:00,1473,0.0,10.0,98.5,0.59
2020-03-03 09:30:00-05:00,1474,0.0,12.2,98.5,0.49
2020-03-03 10:30:00-05:00,1475,0.0,13.9,98.6,0.47
2020-03-03 11:30:00-05:00,1476,0.0,16.1,98.5,0.46
2020-03-03 12:30:00-05:00,1477,0.0,17.8,98.4,0.45
2020-03-03 13:30:00-05:00,1478,0.0,18.3,98.4,0.45
2020-03-03 14:30:00-05:00,1479,0.0,19.4,98.2,0.4
2020-03-03 15:30:00-05:00,1480,0.0,20.0,98.1,0.39
2020-03-03 16:30:00-05:00,1481,0.0,19.4,98.1,0.42
2020-03-03 17:30:00-05:00,1482,0.0,18.9,98.2,0.42
2020-03-03 18:30:00-05:00,1483,0.0,17.8,98.2,0.47
2020-03-03 19:30:00-05:00,1484,0.0,16.7,98.2,0.5
2020-03-03 20:30:00-05:00,1485,0.0,15.6,98.2,0.54
2020-03-03 21:30:00-05:00,1486,0.0,14.4,98.3,0.58
2020-03-03 22:30:00-05:00,1487,0.0,13.9,98.2,0.58
2020-03-03 23:30:00-05:00,1488,0.0,12.8,98.2,0.62
2020-03-04 00:30:00-05:00,1489,0.0,12.8,98.2,0.64
2020-03-04 01:30:00-05:00,1490,0.0,11.7,98.2,0.72
2020-03-04 02:30:00-05:00,1491,0.0,10.6,98.1,0.8
2020-03-04 03:30:00-05:00,1492,0.0,10.6,98.1,0.8
2020-03-04 04:30:00-05:00,1493,0.0,10.6,98.1,0.83
2020-03-04 05:30:00-05:00,1494,0.0,10.6,98.1,0.9
2020-03-04 06:30:00-05:00,1495,0.0,10.6,98.1,0.9
2020-03-04 07:30:00-05:00,1496,0.0,11.1,98.2,0.9
2020-03-04 08:30:00-05:00,1497,0.0,12.2,98.2,0.9
2020-03-04 09:30:00-05:00,1498,0.0,12.8,98.2,0.87
2020-03-04 10:30:00-05:00,1499,0.0,13.9,98.2,0.84
2020-03-04 11:30:00-05:00,1500,0.0,15.6,98.2,0.78
2020-03-04 12:30:00-05:00,1501,0.0,18.3,98.1,0.68
2020-03-04 13:30:00-05:00,1502,0.0,21.7,98.0,0.55
2020-03-04 14:30:00-05:00,1503,0.0,23.3,97.9,0.5
2020-03-04 15:30:00-05:00,1504,0.0,23.9,97.9,0.45
2020-03-04 16:30:00-05:00,1505,0.0,24.4,97.9,0.43
2020-03-04 17:30:00-05:00,1506,0.0,23.3,97.9,0.46
2020-03-04 18:30:00-05:00,1507,0.0,21.7,97.9,0.51
2020-03-04 19:30:00-05:00,1508,0.0,20.6,97.9,0.57
2020-03-04 20:30:00-05:00,1509,0.0,20.0,97.9,0.59
2020-03-04 21:30:00-05:00,1510,0.0,19.4,97.9,0.63
2020-03-04 22:30:00-05:00,1511,0.0,19.4,97.9,0.63
2020-03-04 23:30:00-05:00,1512,0.0,19.4,97.9,0.61
2020-03-05 00:30:00-05:00,1513,0.0,17.2,97.9,0.84
2020-03-05 01:30:00-05:00,1514,0.0,14.4,98.0,0.9
2020-03-05 02:30:00-05:00,1515,0.0,13.3,98.0,0.9
2020-03-05 03:30:00-05:00,1516,0.0,12.2,98.0,0.86
2020-03-05 04:30:00-05:00,1517,0.0,10.6,98.1,0.8
2020-03-05 05:30:00-05:00,1518,0.0,10.6,98.2,0.74
2020-03-05 06:30:00-05:00,1519,0.0,10.6,98.2,0.77
2020-03-05 07:30:00-05:00,1520,0.0,10.6,98.3,0.77
2020-03-05 08:30:00-05:00,1521,0.0,10.6,98.3,0.8
2020-03-05 09:30:00-05:00,1522,0.0,11.7,98.4,0.74
2020-03-05 10:30:00-05:00,1523,0.0,13.3,98.5,0.62
2020-03-05 11:30:00-05:00,1524,0.0,15.6,98.5,0.52
2020-03-05 12:30:00-05:00,1525,0.0,16.1,98.5,0.48
2020-03-05 13:30:00-05:00,1526,0.0,17.2,98.4,0.4
2020-03-05 14:30:00-05:00,1527,0.0,17.8,98.4,0.36
2020-03-05 15:30:00-05:00,1528,0.0,17.8,98.4,0.28
2020-03-05 16:30:00-05:00,1529,0.0,17.2,98.4,0.27
2020-03-05 17:30:00-05:00,1530,0.0,16.1,98.5,0.28
2020-03-05 18:30:00-05:00,1531,0.0,14.4,98.5,0.28
2020-03-05 19:30:00-05:00,1532,0.0,12.8,98.6,0.33
2020-03-05 20:30:00-05:00,1533,0.0,11.7,98.7,0.35
2020-03-05 21:30:00-05:00,1534,0.0,10.6,98.7,0.35
2020-03-05 22:30:00-05:00,1535,0.0,9.4,98.7,0.39
2020-03-05 23:30:00-05:00,1536,0.0,8.9,98.7,0.37
2020-03-06 00:30:00-05:00,1537,0.0,7.8,98.7,0.42
2020-03-06 01:30:00-05:00,1538,0.0,6.7,98.7,0.45
2020-03-06 02:30:00-05:00,1539,0.0,6.1,98.7,0.47
2020-03-06 03:30:00-05:00,1540,0.0,5.0,98.7,0.55
2020-03-06 04:30:00-05:00,1541,0.0,4.4,98.7,0.55
2020-03-06 05:30:00-05:00,1542,0.0,3.3,98.8,0.6
2020-03-06 06:30:00-05:00,1543,0.0,2.8,98.9,0.59
2020-03-06 07:30:00-05:00,1544,0.0,2.8,98.9,0.62
2020-03-06 08:30:00-05:00,1545,0.0,4.4,99.1,0.55
2020-03-06 09:30:00-05:00,1546,0.0,7.2,99.2,0.47
2020-03-06 10:30:00-05:00,1547,0.0,10.6,99.2,0.38
2020-03-06 11:30:00-05:00,1548,0.0,12.2,99.1,0.33
2020-03-06 12:30:00-05:00,1549,0.0,14.4,99.1,0.28
2020-03-06 13:30:00-05:00,1550,0.0,16.1,99.0,0.26
2020-03-06 14:30:00-05:00,1551,0.0,17.2,98.9,0.25
2020-03-06 15:30:00-05:00,1552,0.0,18.3,98.9,0.24
2020-03-06 16:30:00-05:00,1553,0.0,17.8,98.9,0.23
2020-03-06 17:30:00-05:00,1554,0.0,17.8,98.9,0.25
2020-03-06 18:30:00-05:00,1555,0.0,16.1,99.0,0.28
2020-03-06 19:30:00-05:00,1556,0.0,15.6,99.1,0.29
2020-03-06 20:30:00-05:00,1557,0.0,14.4,99.1,0.29
2020-03-06 21:30:00-05:00,1558,0.0,12.8,99.2,0.34
2020-03-06 22:30:00-05:00,1559,0.0,11.1,99.2,0.41
2020-03-06 23:30:00-05:00,1560,0.0,10.6,99.3,0.41
2020-03-07 00:30:00-05:00,1561,0.0,9.4,99.3,0.44
2020-03-07 01:30:00-05:00,1562,0.0,8.3,99.4,0.48
2020-03-07 02:30:00-05:00,1563,0.0,7.8,99.4,0.48
2020-03-07 03:30:00-05:00,1564,0.0,6.7,99.4,0.51
2020-03-07 04:30:00-05:00,1565,0.0,6.1,99.4,0.56
2020-03-07 05:30:00-05:00,1566,0.0,5.6,99.5,0.55
2020-03-07 06:30:00-05:00,1567,0.0,5.0,99.5,0.6
2020-03-07 07:30:00-05:00,1568,0.0,5.0,99.6,0.6
2020-03-07 08:30:00-05:00,1569,0.0,6.1,99.6,0.6
2020-03-07 09:30:00-05:00,1570,0.0,8.3,99.7,0.52
2020-03-07 10:30:00-05:00,1571,0.0,10.0,99.7,0.46
2020-03-07 11:30:00-05:00,1572,0.0,12.2,99.6,0.38
2020-03-07 12:30:00-05:00,1573,0.0,12.8,99.5,0.37
2020-03-07 13:30:00-05:00,1574,0.0,14.4,99.4,0.36
2020-03-07 14:30:00-05:00,1575,0.0,15.6,99.3,0.38
2020-03-07 15:30:00-05:00,1576,0.0,15.6,99.2,0.38
2020-03-07 16:30:00-05:00,1577,0.0,16.7,99.2,0.38
2020-03-07 17:30:00-05:00,1578,0.0,16.1,99.2,0.41
2020-03-07 18:30:00-05:00,1579,0.0,15.0,99.2,0.44
2020-03-07 19:30:00-05:00,1580,0.0,14.4,99.2,0.44
2020-03-07 20:30:00-05:00,1581,0.0,13.3,99.2,0.47
2020-03-07 21:30:00-05:00,1582,0.0,13.3,99.2,0.45
2020-03-07 22:30:00-05:00,1583,0.0,12.2,99.3,0.47
2020-03-07 23:30:00-05:00,1584,0.0,11.7,99.2,0.49
2020-03-08 00:30:00-05:00,1585,0.0,11.1,99.2,0.47
2020-03-08 01:30:00-05:00,1586,0.0,10.6,99.2,0.5
2020-03-08 02:30:00-05:00,1587,0.0,10.6,99.1,0.52
2020-03-08 03:30:00-05:00,1588,0.0,9.4,99.0,0.61
2020-03-08 04:30:00-05:00,1589,0.0,9.4,99.0,0.56
2020-03-08 05:30:00-05:00,1590,0.0,8.3,99.1,0.63
2020-03-08 06:30:00-05:00,1591,0.0,8.3,99.1,0.58
2020-03-08 07:30:00-05:00,1592,0.0,8.3,99.1,0.63
2020-03-08 08:30:00-05:00,1593,0.0,10.6,99.1,0.66
2020-03-08 09:30:00-05:00,1594,0.0,15.0,99.1,0.65
2020-03-08 10:30:00-05:00,1595,0.0,18.3,99.0,0.59
2020-03-08 11:30:00-05:00,1596,0.0,21.1,99.0,0.51
2020-03-08 12:30:00-05:00,1597,0.0,22.2,98.9,0.48
2020-03-08 13:30:00-05:00,1598,0.0,22.8,98.7,0.46
2020-03-08 14:30:00-05:00,1599,0.0,24.4,98.7,0.43
2020-03-08 15:30:00-05:00,1600,0.0,23.9,98.6,0.42
2020-03-08 16:30:00-05:00,1601,0.0,23.9,98.6,0.42
2020-03-08 17:30:00-05:00,1602,0.0,22.8,98.6,0.45
2020-03-08 18:30:00-05:00,1603,0.0,21.7,98.7,0.46
2020-03-08 19:30:00-05:00,1604,0.0,20.0,98.7,0.53
2020-03-08 20:30:00-05:00,1605,0.0,18.9,98.7,0.57
2020-03-08 21:30:00-05:00,1606,0.0,18.3,98.7,0.59
2020-03-08 22:30:00-05:00,1607,0.0,17.8,98.7,0.65
2020-03-08 23:30:00-05:00,1608,0.0,17.2,98.7,0.7
2020-03-09 00:30:00-05:00,1609,0.0,17.2,98.6,0.7
2020-03-09 01:30:00-05:00,1610,0.0,17.2,98.6,0.73
2020-03-09 02:30:00-05:00,1611,0.0,16.1,98.6,0.78
2020-03-09 03:30:00-05:00,1612,0.0,16.1,98.5,0.81
2020-03-09 04:30:00-05:00,1613,0.0,15.6,98.6,0.84
2020-03-09 05:30:00-05:00,1614,0.0,14.4,98.6,0.87
2020-03-09 06:30:00-05:00,1615,0.0,13.9,98.6,0.9
2020-03-09 07:30:00-05:00,1616,0.0,15.6,98.6,0.84
2020-03-09 08:30:00-05:00,1617,0.0,16.7,98.7,0.81
2020-03-09 09:30:00-05:00,1618,0.0,19.4,98.7,0.7
2020-03-09 10:30:00-05:00,1619,0.0,21.1,98.7,0.64
2020-03-09 11:30:00-05:00,1620,0.0,20.6,98.7,0.66
2020-03-09 12:30:00-05:00,1621,0.0,21.7,98.7,0.61
2020-03-09 13:30:00-05:00,1622,0.0,21.7,98.6,0.61
2020-03-09 14:30:00-05:00,1623,0.0,21.7,98.5,0.59
2020-03-09 15:30:00-05:00,1624,0.0,20.6,98.5,0.63
2020-03-09 16:30:00-05:00,1625,0.0,19.4,98.5,0.63
2020-03-09 17:30:00-05:00,1626,0.0,17.8,98.6,0.65
2020-03-09 18:30:00-05:00,1627,0.0,17.2,98.6,0.63
2020-03-09 19:30:00-05:00,1628,0.0,15.6,98.7,0.62
2020-03-09 20:30:00-05:00,1629,0.0,15.0,98.7,0.65
2020-03-09 21:30:00-05:00,1630,0.0,13.9,98.8,0.62
2020-03-09 22:30:00-05:00,1631,0.0,13.3,98.8,0.55
2020-03-09 23:30:00-05:00,1632,0.0,12.2,98.8,0.53
2020-03-10 00:30:00-05:00,1633,0.0,11.1,98.7,0.47
2020-03-10 01:30:00-05:00,1634,0.0,10.6,98.7,0.45
2020-03-10 02:30:00-05:00,1635,0.0,9.4,98.7,0.48
2020-03-10 03:30:00-05:00,1636,0.0,8.9,98.7,0.48
2020-03-10 04:30:00-05:00,1637,0.0,8.9,98.7,0.44
2020-03-10 05:30:00-05:00,1638,0.0,8.9,98.7,0.41
2020-03-10 06:30:00-05:00,1639,0.0,9.4,98.7,0.39
2020-03-10 07:30:00-05:00,1640,0.0,9.4,98.8,0.38
2020-03-10 08:30:00-05:00,1641,0.0,10.6,98.9,0.38
2020-03-10 09:30:00-05:00,1642,0.0,12.2,98.9,0.34
2020-03-10 10:30:00-05:00,1643,0.0,15.0,98.9,0.26
2020-03-10 11:30:00-05:00,1644,0.0,15.6,98.9,0.26
2020-03-10 12:30:00-05:00,1645,0.0,16.7,98.8,0.24
2020-03-10 13:30:00-05:00,1646,0.0,18.3,98.7,0.19
2020-03-10 14:30:00-05:00,1647,0.0,19.4,98.5,0.19
2020-03-10 15:30:00-05:00,1648,0.0,20.0,98.5,0.18
2020-03-10 16:30:00-05:00,1649,0.0,20.6,98.4,0.17
2020-03-10 17:30:00-05:00,1650,0.0,20.6,98.4,0.18
2020-03-10 18:30:00-05:00,1651,0.0,18.9,98.4,0.22
2020-03-10 19:30:00-05:00,1652,0.0,19.4,98.4,0.21
2020-03-10 20:30:00-05:00,1653,0.0,17.8,98.4,0.24
2020-03-10 21:30:00-05:00,1654,0.0,16.7,98.4,0.27
2020-03-10 22:30:00-05:00,1655,0.0,15.6,98.4,0.29
2020-03-10 23:30:00-05:00,1656,0.0,13.9,98.4,0.34
2020-03-11 00:30:00-05:00,1657,0.0,13.3,98.4,0.42
2020-03-11 01:30:00-05:00,1658,0.0,12.8,98.4,0.4
2020-03-11 02:30:00-05:00,1659,0.0,12.8,98.3,0.42
2020-03-11 03:30:00-05:00,1660,0.0,12.2,98.3,0.47
2020-03-11 04:30:00-05:00,1661,0.0,12.2,98.3,0.43
2020-03-11 05:30:00-05:00,1662,0.0,11.7,98.3,0.45
2020-03-11 06:30:00-05:00,1663,0.0,11.1,98.3,0.47
2020-03-11 07:30:00-05:00,1664,0.0,11.7,98.3,0.51
2020-03-11 08:30:00-05:00,1665,0.0,12.8,98.3,0.57
2020-03-11 09:30:00-05:00,1666,0.0,15.6,98.3,0.58
2020-03-11 10:30:00-05:00,1667,0.0,18.3,98.3,0.52
2020-03-11 11:30:00-05:00,1668,0.0,21.7,98.2,0.44
2020-03-11 12:30:00-05:00,1669,0.0,23.3,98.1,0.4
2020-03-11 13:30:00-05:00,1670,0.0,25.0,97.9,0.4
2020-03-11 14:30:00-05:00,1671,0.0,26.1,97.8,0.38
2020-03-11 15:30:00-05:00,1672,0.0,26.1,97.7,0.36
2020-03-11 16:30:00-05:00,1673,0.0,25.6,97.7,0.39
2020-03-11 17:30:00-05:00,1674,0.0,24.4,97.6,0.37
2020-03-11 18:30:00-05:00,1675,0.0,23.3,97.6,0.41
2020-03-11 19:30:00-05:00,1676,0.0,22.2,97.6,0.46
2020-03-11 20:30:00-05:00,1677,0.0,21.7,97.6,0.51
2020-03-11 21:30:00-05:00,1678,0.0,20.6,97.7,0.57
2020-03-11 22:30:00-05:00,1679,0.0,19.4,97.7,0.66
2020-03-11 23:30:00-05:00,1680,0.0,18.9,97.7,0.65
2020-03-12 00:30:00-05:00,1681,0.0,18.3,97.7,0.7
2020-03-12 01:30:00-05:00,1682,0.0,17.8,97.6,0.73
2020-03-12 02:30:00-05:00,1683,0.0,17.2,97.6,0.75
2020-03-12 03:30:00-05:00,1684,0.0,16.7,97.5,0.81
2020-03-12 04:30:00-05:00,1685,0.0,16.7,97.5,0.81
2020-03-12 05:30:00-05:00,1686,0.0,17.2,97.5,0.78
2020-03-12 06:30:00-05:00,1687,0.0,17.2,97.6,0.81
2020-03-12 07:30:00-05:00,1688,0.0,17.2,97.6,0.81
2020-03-12 08:30:00-05:00,1689,0.0,18.3,97.7,0.78
2020-03-12 09:30:00-05:00,1690,0.0,15.0,97.8,0.9
2020-03-12 10:30:00-05:00,1691,0.0,16.1,97.8,0.56
2020-03-12 11:30:00-05:00,1692,0.0,17.8,97.9,0.38
2020-03-12 12:30:00-05:00,1693,0.0,17.8,97.9,0.4
2020-03-12 13:30:00-05:00,1694,0.0,17.8,97.9,0.34
2020-03-12 14:30:00-05:00,1695,0.0,17.2,97.9,0.27
2020-03-12 15:30:00-05:00,1696,0.0,17.2,97.8,0.25
2020-03-12 16:30:00-05:00,1697,0.0,16.7,97.9,0.27
2020-03-12 17:30:00-05:00,1698,0.0,16.1,98.0,0.26
2020-03-12 18:30:00-05:00,1699,0.0,14.4,98.0,0.32
2020-03-12 19:30:00-05:00,1700,0.0,13.3,98.1,0.32
2020-03-12 20:30:00-05:00,1701,0.0,12.2,98.1,0.34
2020-03-12 21:30:00-05:00,1702,0.0,11.7,98.1,0.35
2020-03-12 22:30:00-05:00,1703,0.0,10.6,98.1,0.38
2020-03-12 23:30:00-05:00,1704,0.0,10.0,98.1,0.39
2020-03-13 00:30:00-05:00,1705,0.0,8.9,98.1,0.42
2020-03-13 01:30:00-05:00,1706,0.0,8.3,98.1,0.44
2020-03-13 02:30:00-05:00,1707,0.0,7.8,98.0,0.46
2020-03-13 03:30:00-05:00,1708,0.0,7.2,98.0,0.49
2020-03-13 04:30:00-05:00,1709,0.0,6.7,98.0,0.51
2020-03-13 05:30:00-05:00,1710,0.0,6.7,98.0,0.54
2020-03-13 06:30:00-05:00,1711,0.0,5.6,98.1,0.58
2020-03-13 07:30:00-05:00,1712,0.0,7.8,98.2,0.52
2020-03-13 08:30:00-05:00,1713,0.0,11.1,98.2,0.4
2020-03-13 09:30:00-05:00,1714,0.0,13.3,98.2,0.33
2020-03-13 10:30:00-05:00,1715,0.0,16.1,98.2,0.28
2020-03-13 11:30:00-05:00,1716,0.0,18.3,98.2,0.24
2020-03-13 12:30:00-05:00,1717,0.0,20.6,98.1,0.24
2020-03-13 13:30:00-05:00,1718,0.0,22.2,98.0,0.26
2020-03-13 14:30:00-05:00,1719,0.0,23.9,98.0,0.27
2020-03-13 15:30:00-05:00,1720,0.0,24.4,97.9,0.31
2020-03-13 16:30:00-05:00,1721,0.0,24.4,97.9,0.36
2020-03-13 17:30:00-05:00,1722,0.0,23.9,97.9,0.4
2020-03-13 18:30:00-05:00,1723,0.0,22.8,97.9,0.43
2020-03-13 19:30:00-05:00,1724,0.0,22.8,98.0,0.43
2020-03-13 20:30:00-05:00,1725,0.0,21.1,98.0,0.47
2020-03-13 21:30:00-05:00,1726,0.0,20.6,98.0,0.53
2020-03-13 22:30:00-05:00,1727,0.0,18.9,98.0,0.59
2020-03-13 23:30:00-05:00,1728,0.0,17.8,98.0,0.61
2020-03-14 00:30:00-05:00,1729,0.0,16.7,97.9,0.63
2020-03-14 01:30:00-05:00,1730,0.0,15.6,97.9,0.67
2020-03-14 02:30:00-05:00,1731,0.0,15.0,97.8,0.7
2020-03-14 03:30:00-05:00,1732,0.0,14.4,97.8,0.75
2020-03-14 04:30:00-05:00,1733,0.0,13.3,97.8,0.78
2020-03-14 05:30:00-05:00,1734,0.0,13.3,97.8,0.78
2020-03-14 06:30:00-05:00,1735,0.0,14.4,97.8,0.78
2020-03-14 07:30:00-05:00,1736,0.0,14.4,97.9,0.78
2020-03-14 08:30:00-05:00,1737,0.0,16.1,98.0,0.75
2020-03-14 09:30:00-05:00,1738,0.0,17.8,98.0,0.7
2020-03-14 10:30:00-05:00,1739,0.0,20.6,98.0,0.59
2020-03-14 11:30:00-05:00,1740,0.0,21.7,97.9,0.57
2020-03-14 12:30:00-05:00,1741,0.0,22.2,97.8,0.51
2020-03-14 13:30:00-05:00,1742,0.0,20.6,97.8,0.55
2020-03-14 14:30:00-05:00,1743,0.0,20.6,97.7,0.53
2020-03-14 15:30:00-05:00,1744,0.0,20.0,97.7,0.53
2020-03-14 16:30:00-05:00,1745,0.0,20.6,97.7,0.49
2020-03-14 17:30:00-05:00,1746,0.0,17.8,97.8,0.52
2020-03-14 18:30:00-05:00,1747,0.0,15.6,97.9,0.54
2020-03-14 19:30:00-05:00,1748,0.0,14.4,97.9,0.48
2020-03-14 20:30:00-05:00,1749,0.0,11.7,98.0,0.59
2020-03-14 21:30:00-05:00,1750,0.0,11.1,98.1,0.64
2020-03-14 22:30:00-05:00,1751,0.0,10.6,98.1,0.66
2020-03-14 23:30:00-05:00,1752,0.0,8.9,98.1,0.66
2020-03-15 00:30:00-05:00,1753,0.0,8.3,98.1,0.63
2020-03-15 01:30:00-05:00,1754,0.0,8.3,98.1,0.61
2020-03-15 02:30:00-05:00,1755,0.0,8.3,98.1,0.56
2020-03-15 03:30:00-05:00,1756,0.0,8.3,98.1,0.54
2020-03-15 04:30:00-05:00,1757,0.0,8.3,98.2,0.52
2020-03-15 05:30:00-05:00,1758,0.0,7.8,98.2,0.54
2020-03-15 06:30:00-05:00,1759,0.0,7.2,98.3,0.52
2020-03-15 07:30:00-05:00,1760,0.0,7.8,98.4,0.52
2020-03-15 08:30:00-05:00,1761,0.0,9.4,98.5,0.43
2020-03-15 09:30:00-05:00,1762,0.0,10.6,98.5,0.38
2020-03-15 10:30:00-05:00,1763,0.0,12.2,98.5,0.34
2020-03-15 11:30:00-05:00,1764,0.0,13.3,98.5,0.34
2020-03-15 12:30:00-05:00,1765,0.0,14.4,98.4,0.32
2020-03-15 13:30:00-05:00,1766,0.0,16.7,98.3,0.29
2020-03-15 14:30:00-05:00,1767,0.0,17.2,98.2,0.27
2020-03-15 15:30:00-05:00,1768,0.0,17.8,98.2,0.26
2020-03-15 16:30:00-05:00,1769,0.0,17.8,98.2,0.25
2020-03-15 17:30:00-05:00,1770,0.0,17.8,98.2,0.25
2020-03-15 18:30:00-05:00,1771,0.0,17.2,98.2,0.25
2020-03-15 19:30:00-05:00,1772,0.0,16.1,98.3,0.29
2020-03-15 20:30:00-05:00,1773,0.0,13.3,98.4,0.39
2020-03-15 21:30:00-05:00,1774,0.0,12.8,98.4,0.37
2020-03-15 22:30:00-05:00,1775,0.0,11.7,98.4,0.38
2020-03-15 23:30:00-05:00,1776,0.0,11.7,98.4,0.38
2020-03-16 00:30:00-05:00,1777,0.0,10.6,98.4,0.47
2020-03-16 01:30:00-05:00,1778,0.0,10.0,98.4,0.48
2020-03-16 02:30:00-05:00,1779,0.0,9.4,98.4,0.52
2020-03-16 03:30:00-05:00,1780,0.0,8.9,98.3,0.54
2020-03-16 04:30:00-05:00,1781,0.0,8.3,98.3,0.56
2020-03-16 05:30:00-05:00,1782,0.0,8.3,98.3,0.54
2020-03-16 06:30:00-05:00,1783,0.0,7.8,98.4,0.56
2020-03-16 07:30:00-05:00,1784,0.0,7.8,98.5,0.56
2020-03-16 08:30:00-05:00,1785,0.0,8.3,98.5,0.54
2020-03-16 09:30:00-05:00,1786,0.0,10.0,98.5,0.5
2020-03-16 10:30:00-05:00,1787,0.0,11.7,98.4,0.43
2020-03-16 11:30:00-05:00,1788,0.0,12.2,98.4,0.43
2020-03-16 12:30:00-05:00,1789,0.0,12.8,98.3,0.42
2020-03-16 13:30:00-05:00,1790,0.0,12.8,98.2,0.42
2020-03-16 14:30:00-05:00,1791,0.0,12.2,98.1,0.43
2020-03-16 15:30:00-05:00,1792,0.0,11.7,98.1,0.43
2020-03-16 16:30:00-05:00,1793,0.0,11.7,98.0,0.47
2020-03-16 17:30:00-05:00,1794,0.0,11.1,98.0,0.53
2020-03-16 18:30:00-05:00,1795,0.0,10.6,98.0,0.57
2020-03-16 19:30:00-05:00,1796,0.0,10.6,98.0,0.59
2020-03-16 20:30:00-05:00,1797,0.0,9.4,98.0,0.66
2020-03-16 21:30:00-05:00,1798,0.0,9.4,98.0,0.66
2020-03-16 22:30:00-05:00,1799,0.0,9.4,97.9,0.69
2020-03-16 23:30:00-05:00,1800,0.0,9.4,97.8,0.66
2020-03-17 00:30:00-05:00,1801,0.0,9.4,97.8,0.66
2020-03-17 01:30:00-05:00,1802,0.0,9.4,97.7,0.69
2020-03-17 02:30:00-05:00,1803,0.0,8.9,97.6,0.74
2020-03-17 03:30:00-05:00,1804,0.0,8.9,97.6,0.71
2020-03-17 04:30:00-05:00,1805,0.0,8.9,97.6,0.69
2020-03-17 05:30:00-05:00,1806,0.0,8.3,97.6,0.68
2020-03-17 06:30:00-05:00,1807,0.0,8.3,97.6,0.66
2020-03-17 07:30:00-05:00,1808,0.0,8.3,97.6,0.66
2020-03-17 08:30:00-05:00,1809,0.0,10.0,97.6,0.57
2020-03-17 09:30:00-05:00,1810,0.0,11.7,97.6,0.43
2020-03-17 10:30:00-05:00,1811,0.0,12.2,97.6,0.43
2020-03-17 11:30:00-05:00,1812,0.0,12.8,97.6,0.33
2020-03-17 12:30:00-05:00,1813,0.0,13.3,97.5,0.33
2020-03-17 13:30:00-05:00,1814,0.0,15.0,97.5,0.26
2020-03-17 14:30:00-05:00,1815,0.0,16.1,97.4,0.23
2020-03-17 15:30:00-05:00,1816,0.0,16.7,97.4,0.2
2020-03-17 16:30:00-05:00,1817,0.0,16.7,97.3,0.19
2020-03-17 17:30:00-05:00,1818,0.0,15.6,97.4,0.2
2020-03-17 18:30:00-05:00,1819,0.0,13.9,97.5,0.25
2020-03-17 19:30:00-05:00,1820,0.0,11.7,97.6,0.26
2020-03-17 20:30:00-05:00,1821,0.0,10.0,97.7,0.28
2020-03-17 21:30:00-05:00,1822,0.0,9.4,97.8,0.32
2020-03-17 22:30:00-05:00,1823,0.0,8.3,97.9,0.33
2020-03-17 23:30:00-05:00,1824,0.0,7.2,97.9,0.33
2020-03-18 00:30:00-05:00,1825,0.0,6.7,98.0,0.32
2020-03-18 01:30:00-05:00,1826,0.0,5.6,98.0,0.38
2020-03-18 02:30:00-05:00,1827,0.0,4.4,98.0,0.45
2020-03-18 03:30:00-05:00,1828,0.0,3.9,98.0,0.47
2020-03-18 04:30:00-05:00,1829,0.0,3.3,98.0,0.53
2020-03-18 05:30:00-05:00,1830,0.0,2.8,98.0,0.55
2020-03-18 06:30:00-05:00,1831,0.0,2.2,98.1,0.55
2020-03-18 07:30:00-05:00,1832,0.0,2.8,98.2,0.52
2020-03-18 08:30:00-05:00,1833,0.0,3.9,98.3,0.47
2020-03-18 09:30:00-05:00,1834,0.0,5.0,98.4,0.35
2020-03-18 10:30:00-05:00,1835,0.0,6.7,98.4,0.26
2020-03-18 11:30:00-05:00,1836,0.0,7.8,98.4,0.26
2020-03-18 12:30:00-05:00,1837,0.0,9.4,98.4,0.21
2020-03-18 13:30:00-05:00,1838,0.0,10.0,98.3,0.22
2020-03-18 14:30:00-05:00,1839,0.0,11.1,98.3,0.19
2020-03-18 15:30:00-05:00,1840,0.0,11.7,98.2,0.17
2020-03-18 16:30:00-05:00,1841,0.0,11.1,98.3,0.18
2020-03-18 17:30:00-05:00,1842,0.0,11.1,98.3,0.18
2020-03-18 18:30:00-05:00,1843,0.0,9.4,98.3,0.21
2020-03-18 19:30:00-05:00,1844,0.0,8.3,98.4,0.25
2020-03-18 20:30:00-05:00,1845,0.0,7.8,98.4,0.29
2020-03-18 21:30:00-05:00,1846,0.0,6.1,98.5,0.35
2020-03-18 22:30:00-05:00,1847,0.0,3.9,98.5,0.47
2020-03-18 23:30:00-05:00,1848,0.0,4.4,98.6,0.43
2020-03-19 00:30:00-05:00,1849,0.0,3.9,98.7,0.45
2020-03-19 01:30:00-05:00,1850,0.0,3.3,98.6,0.46
2020-03-19 02:30:00-05:00,1851,0.0,3.3,98.6,0.41
2020-03-19 03:30:00-05:00,1852,0.0,1.7,98.6,0.54
2020-03-19 04:30:00-05:00,1853,0.0,2.2,98.7,0.5
2020-03-19 05:30:00-05:00,1854,0.0,1.7,98.7,0.54
2020-03-19 06:30:00-05:00,1855,0.0,1.1,98.8,0.59
2020-03-19 07:30:00-05:00,1856,0.0,3.9,98.8,0.45
2020-03-19 08:30:00-05:00,1857,0.0,6.1,98.9,0.32
2020-03-19 09:30:00-05:00,1858,0.0,7.8,98.9,0.23
2020-03-19 10:30:00-05:00,1859,0.0,9.4,98.9,0.22
2020-03-19 11:30:00-05:00,1860,0.0,11.7,98.9,0.19
2020-03-19 12:30:00-05:00,1861,0.0,12.8,98.8,0.16
2020-03-19 13:30:00-05:00,1862,0.0,15.0,98.7,0.15
2020-03-19 14:30:00-05:00,1863,0.0,16.1,98.6,0.14
2020-03-19 15:30:00-05:00,1864,0.0,16.7,98.5,0.15
2020-03-19 16:30:00-05:00,1865,0.0,16.7,98.5,0.16
2020-03-19 17:30:00-05:00,1866,0.0,16.1,98.5,0.17
2020-03-19 18:30:00-05:00,1867,0.0,15.0,98.5,0.18
2020-03-19 19:30:00-05:00,1868,0.0,14.4,98.5,0.18
2020-03-19 20:30:00-05:00,1869,0.0,13.3,98.5,0.2
2020-03-19 21:30:00-05:00,1870,0.0,12.2,98.6,0.22
2020-03-19 22:30:00-05:00,1871,0.0,10.6,98.6,0.26
2020-03-19 23:30:00-05:00,1872,0.0,8.9,98.6,0.3
2020-03-20 00:30:00-05:00,1873,0.0,8.3,98.5,0.31
2020-03-20 01:30:00-05:00,1874,0.0,8.3,98.5,0.31
2020-03-20 02:30:00-05:00,1875,0.0,7.2,98.5,0.33
2020-03-20 03:30:00-05:00,1876,0.0,6.7,98.5,0.34
2020-03-20 04:30:00-05:00,1877,0.0,5.0,98.5,0.47
2020-03-20 05:30:00-05:00,1878,0.0,5.0,98.5,0.49
2020-03-20 06:30:00-05:00,1879,0.0,5.0,98.5,0.51
2020-03-20 07:30:00-05:00,1880,0.0,5.6,98.6,0.49
2020-03-20 08:30:00-05:00,1881,0.0,8.3,98.6,0.44
2020-03-20 09:30:00-05:00,1882,0.0,11.7,98.6,0.38
2020-03-20 10:30:00-05:00,1883,0.0,15.0,98.6,0.27
2020-03-20 11:30:00-05:00,1884,0.0,17.8,98.5,0.23
2020-03-20 12:30:00-05:00,1885,0.0,18.3,98.4,0.2
2020-03-20 13:30:00-05:00,1886,0.0,18.9,98.3,0.19
2020-03-20 14:30:00-05:00,1887,0.0,20.0,98.2,0.17
2020-03-20 15:30:00-05:00,1888,0.0,20.0,98.2,0.18
2020-03-20 16:30:00-05:00,1889,0.0,19.4,98.1,0.19
2020-03-20 17:30:00-05:00,1890,0.0,18.9,98.1,0.2
2020-03-20 18:30:00-05:00,1891,0.0,17.8,98.1,0.24
2020-03-20 19:30:00-05:00,1892,0.0,16.7,98.1,0.31
2020-03-20 20:30:00-05:00,1893,0.0,16.1,98.1,0.34
2020-03-20 21:30:00-05:00,1894,0.0,15.6,98.1,0.35
2020-03-20 22:30:00-05:00,1895,0.0,15.0,98.1,0.36
2020-03-20 23:30:00-05:00,1896,0.0,15.0,98.1,0.36
2020-03-21 00:30:00-05:00,1897,0.0,15.0,98.0,0.38
2020-03-21 01:30:00-05:00,1898,0.0,14.4,98.0,0.48
2020-03-21 02:30:00-05:00,1899,0.0,13.3,97.9,0.53
2020-03-21 03:30:00-05:00,1900,0.0,13.3,97.9,0.55
2020-03-21 04:30:00-05:00,1901,0.0,11.7,97.9,0.74
2020-03-21 05:30:00-05:00,1902,0.0,10.6,97.9,0.86
2020-03-21 06:30:00-05:00,1903,0.0,10.6,97.9,0.9
2020-03-21 07:30:00-05:00,1904,0.0,10.6,97.9,0.86
2020-03-21 08:30:00-05:00,1905,0.0,10.6,97.8,0.86
2020-03-21 09:30:00-05:00,1906,0.0,11.1,97.8,0.86
2020-03-21 10:30:00-05:00,1907,0.0,11.7,97.7,0.83
2020-03-21 11:30:00-05:00,1908,0.0,12.8,97.7,0.77
2020-03-21 12:30:00-05:00,1909,0.0,12.8,97.6,0.8
2020-03-21 13:30:00-05:00,1910,0.0,12.8,97.5,0.8
2020-03-21 14:30:00-05:00,1911,0.0,12.8,97.4,0.83
2020-03-21 15:30:00-05:00,1912,0.0,12.2,97.4,0.9
2020-03-21 16:30:00-05:00,1913,0.0,12.2,97.3,0.9
2020-03-21 17:30:00-05:00,1914,0.0,12.2,97.3,0.9
2020-03-21 18:30:00-05:00,1915,0.0,11.7,97.3,0.9
2020-03-21 19:30:00-05:00,1916,0.0,11.1,97.3,0.9
2020-03-21 20:30:00-05:00,1917,0.0,11.1,97.4,0.9
2020-03-21 21:30:00-05:00,1918,0.0,10.6,97.4,0.93
2020-03-21 22:30:00-05:00,1919,0.0,8.9,97.4,0.96
2020-03-21 23:30:00-05:00,1920,0.0,8.3,97.4,0.96
2020-03-22 00:30:00-05:00,1921,0.0,8.3,97.3,0.89
2020-03-22 01:30:00-05:00,1922,0.0,7.8,97.3,0.89
2020-03-22 02:30:00-05:00,1923,0.0,7.2,97.2,0.89
2020-03-22 03:30:00-05:00,1924,0.0,6.7,97.1,0.89
2020-03-22 04:30:00-05:00,1925,0.0,6.1,97.1,0.89
2020-03-22 05:30:00-05:00,1926,0.0,5.6,97.2,0.86
2020-03-22 06:30:00-05:00,1927,0.0,5.0,97.3,0.89
2020-03-22 07:30:00-05:00,1928,0.0,5.0,97.4,0.89
2020-03-22 08:30:00-05:00,1929,0.0,4.4,97.4,0.93
2020-03-22 09:30:00-05:00,1930,0.0,4.4,97.4,0.89
2020-03-22 10:30:00-05:00,1931,0.0,4.4,97.4,0.93
2020-03-22 11:30:00-05:00,1932,0.0,4.4,97.4,0.89
2020-03-22 12:30:00-05:00,1933,0.0,4.4,97.4,0.93
2020-03-22 13:30:00-05:00,1934,0.0,4.4,97.4,0.93
2020-03-22 14:30:00-05:00,1935,0.0,5.0,97.4,0.89
2020-03-22 15:30:00-05:00,1936,0.0,5.6,97.4,0.86
2020-03-22 16:30:00-05:00,1937,0.0,5.6,97.4,0.89
2020-03-22 17:30:00-05:00,1938,0.0,5.6,97.5,0.89
2020-03-22 18:30:00-05:00,1939,0.0,5.6,97.5,0.89
2020-03-22 19:30:00-05:00,1940,0.0,5.6,97.6,0.89
2020-03-22 20:30:00-05:00,1941,0.0,5.6,97.6,0.89
2020-03-22 21:30:00-05:00,1942,0.0,5.6,97.7,0.89
2020-03-22 22:30:00-05:00,1943,0.0,5.6,97.7,0.89
2020-03-22 23:30:00-05:00,1944,0.0,5.0,97.7,0.93
2020-03-23 00:30:00-05:00,1945,0.0,5.0,97.7,0.93
2020-03-23 01:30:00-05:00,1946,0.0,5.0,97.7,0.93
2020-03-23 02:30:00-05:00,1947,0.0,5.0,97.6,0.93
2020-03-23 03:30:00-05:00,1948,0.0,5.0,97.6,0.93
2020-03-23 04:30:00-05:00,1949,0.0,6.1,97.6,0.89
2020-03-23 05:30:00-05:00,1950,0.0,6.1,97.7,0.89
2020-03-23 06:30:00-05:00,1951,0.0,6.1,97.8,0.93
2020-03-23 07:30:00-05:00,1952,0.0,6.7,97.8,0.89
2020-03-23 08:30:00-05:00,1953,0.0,8.3,97.8,0.86
2020-03-23 09:30:00-05:00,1954,0.0,10.0,97.8,0.86
2020-03-23 10:30:00-05:00,1955,0.0,12.2,97.8,0.77
2020-03-23 11:30:00-05:00,1956,0.0,14.4,97.8,0.62
2020-03-23 12:30:00-05:00,1957,0.0,14.4,97.8,0.65
2020-03-23 13:30:00-05:00,1958,0.0,15.0,97.7,0.62
2020-03-23 14:30:00-05:00,1959,0.0,17.2,97.7,0.5
2020-03-23 15:30:00-05:00,1960,0.0,17.8,97.6,0.48
2020-03-23 16:30:00-05:00,1961,0.0,18.3,97.6,0.43
2020-03-23 17:30:00-05:00,1962,0.0,17.8,97.6,0.47
2020-03-23 18:30:00-05:00,1963,0.0,16.1,97.7,0.52
2020-03-23 19:30:00-05:00,1964,0.0,16.1,97.6,0.5
2020-03-23 20:30:00-05:00,1965,0.0,15.6,97.6,0.54
2020-03-23 21:30:00-05:00,1966,0.0,14.4,97.6,0.6
2020-03-23 22:30:00-05:00,1967,0.0,14.4,97.7,0.62
2020-03-23 23:30:00-05:00,1968,0.0,14.4,97.6,0.65
2020-03-24 00:30:00-05:00,1969,0.0,13.3,97.7,0.72
2020-03-24 01:30:00-05:00,1970,0.0,12.2,97.6,0.83
2020-03-24 02:30:00-05:00,1971,0.0,11.7,97.6,0.9
2020-03-24 03:30:00-05:00,1972,0.0,11.1,97.5,0.9
2020-03-24 04:30:00-05:00,1973,0.0,11.7,97.5,0.9
2020-03-24 05:30:00-05:00,1974,0.0,10.6,97.6,0.9
2020-03-24 06:30:00-05:00,1975,0.0,10.0,97.6,0.93
2020-03-24 07:30:00-05:00,1976,0.0,10.6,97.7,0.9
2020-03-24 08:30:00-05:00,1977,0.0,11.7,97.7,0.83
2020-03-24 09:30:00-05:00,1978,0.0,13.3,97.7,0.75
2020-03-24 10:30:00-05:00,1979,0.0,13.9,97.8,0.58
2020-03-24 11:30:00-05:00,1980,0.0,13.3,97.7,0.6
2020-03-24 12:30:00-05:00,1981,0.0,15.6,97.6,0.52
2020-03-24 13:30:00-05:00,1982,0.0,16.1,97.5,0.44
2020-03-24 14:30:00-05:00,1983,0.0,17.2,97.4,0.38
2020-03-24 15:30:00-05:00,1984,0.0,17.2,97.4,0.35
2020-03-24 16:30:00-05:00,1985,0.0,17.2,97.4,0.35
2020-03-24 17:30:00-05:00,1986,0.0,16.7,97.4,0.35
2020-03-24 18:30:00-05:00,1987,0.0,15.6,97.6,0.39
2020-03-24 19:30:00-05:00,1988,0.0,13.9,97.7,0.4
2020-03-24 20:30:00-05:00,1989,0.0,13.3,97.8,0.4
2020-03-24 21:30:00-05:00,1990,0.0,12.2,97.9,0.4
2020-03-24 22:30:00-05:00,1991,0.0,10.6,98.0,0.43
2020-03-24 23:30:00-05:00,1992,0.0,9.4,98.0,0.46
2020-03-25 00:30:00-05:00,1993,0.0,7.8,98.0,0.58
2020-03-25 01:30:00-05:00,1994,0.0,6.7,97.9,0.6
2020-03-25 02:30:00-05:00,1995,0.0,6.1,97.9,0.65
2020-03-25 03:30:00-05:00,1996,0.0,5.6,97.9,0.65
2020-03-25 04:30:00-05:00,1997,0.0,5.0,97.9,0.68
2020-03-25 05:30:00-05:00,1998,0.0,4.4,98.0,0.7
2020-03-25 06:30:00-05:00,1999,0.0,5.6,98.1,0.65
2020-03-25 07:30:00-05:00,2000,0.0,7.8,98.2,0.58
2020-03-25 08:30:00-05:00,2001,0.0,10.0,98.3,0.5
2020-03-25 09:30:00-05:00,2002,0.0,11.1,98.4,0.49
2020-03-25 10:30:00-05:00,2003,0.0,12.2,98.4,0.47
2020-03-25 11:30:00-05:00,2004,0.0,12.8,98.5,0.42
2020-03-25 12:30:00-05:00,2005,0.0,13.9,98.5,0.34
2020-03-25 13:30:00-05:00,2006,0.0,15.0,98.5,0.32
2020-03-25 14:30:00-05:00,2007,0.0,16.1,98.5,0.3
2020-03-25 15:30:00-05:00,2008,0.0,16.7,98.5,0.29
2020-03-25 16:30:00-05:00,2009,0.0,16.7,98.5,0.25
2020-03-25 17:30:00-05:00,2010,0.0,16.1,98.5,0.28
2020-03-25 18:30:00-05:00,2011,0.0,15.0,98.6,0.32
2020-03-25 19:30:00-05:00,2012,0.0,13.3,98.7,0.39
2020-03-25 20:30:00-05:00,2013,0.0,12.8,98.8,0.42
2020-03-25 21:30:00-05:00,2014,0.0,11.1,98.8,0.47
2020-03-25 22:30:00-05:00,2015,0.0,9.4,98.8,0.52
2020-03-25 23:30:00-05:00,2016,0.0,8.3,98.8,0.56
2020-03-26 00:30:00-05:00,2017,0.0,8.3,98.9,0.56
2020-03-26 01:30:00-05:00,2018,0.0,7.8,98.9,0.61
2020-03-26 02:30:00-05:00,2019,0.0,7.8,98.9,0.61
2020-03-26 03:30:00-05:00,2020,0.0,7.8,98.9,0.61
2020-03-26 04:30:00-05:00,2021,0.0,6.7,99.0,0.63
2020-03-26 05:30:00-05:00,2022,0.0,6.1,99.1,0.68
2020-03-26 06:30:00-05:00,2023,0.0,5.6,99.2,0.65
2020-03-26 07:30:00-05:00,2024,0.0,7.8,99.2,0.58
2020-03-26 08:30:00-05:00,2025,0.0,9.4,99.3,0.52
2020-03-26 09:30:00-05:00,2026,0.0,12.2,99.3,0.45
2020-03-26 10:30:00-05:00,2027,0.0,14.4,99.4,0.39
2020-03-26 11:30:00-05:00,2028,0.0,16.7,99.3,0.29
2020-03-26 12:30:00-05:00,2029,0.0,17.8,99.2,0.28
2020-03-26 13:30:00-05:00,2030,0.0,18.9,99.1,0.23
2020-03-26 14:30:00-05:00,2031,0.0,20.0,99.0,0.22
2020-03-26 15:30:00-05:00,2032,0.0,20.6,98.9,0.21
2020-03-26 16:30:00-05:00,2033,0.0,20.0,98.9,0.21
2020-03-26 17:30:00-05:00,2034,0.0,20.0,98.9,0.21
2020-03-26 18:30:00-05:00,2035,0.0,18.9,98.9,0.24
2020-03-26 19:30:00-05:00,2036,0.0,18.3,98.9,0.25
2020-03-26 20:30:00-05:00,2037,0.0,16.7,98.9,0.28
2020-03-26 21:30:00-05:00,2038,0.0,15.0,98.9,0.32
2020-03-26 22:30:00-05:00,2039,0.0,13.3,98.9,0.39
2020-03-26 23:30:00-05:00,2040,0.0,12.8,98.9,0.4
2020-03-27 00:30:00-05:00,2041,0.0,11.7,98.8,0.42
2020-03-27 01:30:00-05:00,2042,0.0,11.7,98.8,0.42
2020-03-27 02:30:00-05:00,2043,0.0,10.6,98.8,0.45
2020-03-27 03:30:00-05:00,2044,0.0,10.0,98.7,0.48
2020-03-27 04:30:00-05:00,2045,0.0,8.9,98.7,0.52
2020-03-27 05:30:00-05:00,2046,0.0,10.0,98.8,0.48
2020-03-27 06:30:00-05:00,2047,0.0,8.9,98.7,0.56
2020-03-27 07:30:00-05:00,2048,0.0,10.6,98.8,0.64
2020-03-27 08:30:00-05:00,2049,0.0,12.8,98.8,0.62
2020-03-27 09:30:00-05:00,2050,0.0,15.6,98.8,0.56
2020-03-27 10:30:00-05:00,2051,0.0,18.3,98.8,0.4
2020-03-27 11:30:00-05:00,2052,0.0,20.6,98.7,0.32
2020-03-27 12:30:00-05:00,2053,0.0,21.7,98.6,0.31
2020-03-27 13:30:00-05:00,2054,0.0,21.1,98.6,0.35
2020-03-27 14:30:00-05:00,2055,0.0,21.7,98.5,0.37
2020-03-27 15:30:00-05:00,2056,0.0,21.7,98.3,0.41
2020-03-27 16:30:00-05:00,2057,0.0,21.1,98.3,0.42
2020-03-27 17:30:00-05:00,2058,0.0,18.9,98.3,0.55
2020-03-27 18:30:00-05:00,2059,0.0,17.8,98.3,0.63
2020-03-27 19:30:00-05:00,2060,0.0,18.3,98.2,0.61
2020-03-27 20:30:00-05:00,2061,0.0,18.3,98.2,0.61
2020-03-27 21:30:00-05:00,2062,0.0,18.3,98.3,0.61
2020-03-27 22:30:00-05:00,2063,0.0,18.3,98.2,0.61
2020-03-27 23:30:00-05:00,2064,0.0,18.3,98.2,0.65
2020-03-28 00:30:00-05:00,2065,0.0,17.8,98.1,0.7
2020-03-28 01:30:00-05:00,2066,0.0,17.2,98.1,0.75
2020-03-28 02:30:00-05:00,2067,0.0,17.2,98.1,0.75
2020-03-28 03:30:00-05:00,2068,0.0,16.7,98.1,0.78
2020-03-28 04:30:00-05:00,2069,0.0,16.1,98.1,0.81
2020-03-28 05:30:00-05:00,2070,0.0,15.6,98.2,0.87
2020-03-28 06:30:00-05:00,2071,0.0,15.0,98.2,0.93
2020-03-28 07:30:00-05:00,2072,0.0,15.0,98.2,0.93
2020-03-28 08:30:00-05:00,2073,0.0,15.6,98.2,0.9
2020-03-28 09:30:00-05:00,2074,0.0,16.7,98.2,0.84
2020-03-28 10:30:00-05:00,2075,0.0,17.8,98.1,0.78
2020-03-28 11:30:00-05:00,2076,0.0,19.4,98.1,0.76
2020-03-28 12:30:00-05:00,2077,0.0,20.6,98.0,0.73
2020-03-28 13:30:00-05:00,2078,0.0,23.3,98.0,0.56
2020-03-28 14:30:00-05:00,2079,0.0,23.3,97.9,0.56
2020-03-28 15:30:00-05:00,2080,0.0,23.9,97.8,0.54
2020-03-28 16:30:00-05:00,2081,0.0,25.0,97.8,0.52
2020-03-28 17:30:00-05:00,2082,0.0,24.4,97.8,0.54
2020-03-28 18:30:00-05:00,2083,0.0,23.9,97.8,0.56
2020-03-28 19:30:00-05:00,2084,0.0,23.3,97.9,0.58
2020-03-28 20:30:00-05:00,2085,0.0,22.2,97.9,0.62
2020-03-28 21:30:00-05:00,2086,0.0,21.1,97.9,0.66
2020-03-28 22:30:00-05:00,2087,0.0,20.6,98.0,0.63
2020-03-28 23:30:00-05:00,2088,0.0,19.4,98.0,0.68
2020-03-29 00:30:00-05:00,2089,0.0,18.3,98.0,0.73
2020-03-29 01:30:00-05:00,2090,0.0,17.8,97.9,0.78
2020-03-29 02:30:00-05:00,2091,0.0,18.3,97.9,0.78
2020-03-29 03:30:00-05:00,2092,0.0,18.3,97.9,0.78
2020-03-29 04:30:00-05:00,2093,0.0,17.8,97.9,0.81
2020-03-29 05:30:00-05:00,2094,0.0,17.2,97.9,0.84
2020-03-29 06:30:00-05:00,2095,0.0,17.2,97.9,0.87
2020-03-29 07:30:00-05:00,2096,0.0,17.8,98.1,0.84
2020-03-29 08:30:00-05:00,2097,0.0,18.9,98.1,0.81
2020-03-29 09:30:00-05:00,2098,0.0,20.0,98.2,0.73
2020-03-29 10:30:00-05:00,2099,0.0,21.7,98.1,0.68
2020-03-29 11:30:00-05:00,2100,0.0,21.1,98.1,0.66
2020-03-29 12:30:00-05:00,2101,0.0,23.3,98.0,0.58
2020-03-29 13:30:00-05:00,2102,0.0,24.4,97.9,0.52
2020-03-29 14:30:00-05:00,2103,0.0,25.6,97.9,0.47
2020-03-29 15:30:00-05:00,2104,0.0,26.7,97.8,0.44
2020-03-29 16:30:00-05:00,2105,0.0,25.6,97.8,0.47
2020-03-29 17:30:00-05:00,2106,0.0,25.6,97.8,0.47
2020-03-29 18:30:00-05:00,2107,0.0,25.0,97.8,0.48
2020-03-29 19:30:00-05:00,2108,0.0,23.9,97.9,0.52
2020-03-29 20:30:00-05:00,2109,0.0,22.8,97.9,0.57
2020-03-29 21:30:00-05:00,2110,0.0,21.7,97.9,0.61
2020-03-29 22:30:00-05:00,2111,0.0,20.6,97.9,0.63
2020-03-29 23:30:00-05:00,2112,0.0,20.6,98.0,0.63
2020-03-30 00:30:00-05:00,2113,0.0,18.9,97.9,0.68
2020-03-30 01:30:00-05:00,2114,0.0,18.3,97.9,0.73
2020-03-30 02:30:00-05:00,2115,0.0,17.8,97.9,0.75
2020-03-30 03:30:00-05:00,2116,0.0,17.2,97.9,0.81
2020-03-30 04:30:00-05:00,2117,0.0,17.8,97.9,0.84
2020-03-30 05:30:00-05:00,2118,0.0,17.8,97.9,0.87
2020-03-30 06:30:00-05:00,2119,0.0,17.8,98.0,0.87
2020-03-30 07:30:00-05:00,2120,0.0,18.3,98.0,0.84
2020-03-30 08:30:00-05:00,2121,0.0,18.9,97.9,0.78
2020-03-30 09:30:00-05:00,2122,0.0,20.0,97.9,0.73
2020-03-30 10:30:00-05:00,2123,0.0,22.2,97.9,0.66
2020-03-30 11:30:00-05:00,2124,0.0,25.0,97.9,0.52
2020-03-30 12:30:00-05:00,2125,0.0,26.7,97.8,0.44
2020-03-30 13:30:00-05:00,2126,0.0,27.8,97.7,0.38
2020-03-30 14:30:00-05:00,2127,0.26696575565956,27.8,97.7,0.34
2020-03-30 15:30:00-05:00,2128,0.8261761629702,27.8,97.7,0.36
2020-03-30 16:30:00-05:00,2129,0.0,26.7,97.6,0.42
2020-03-30 17:30:00-05:00,2130,0.0,26.1,97.6,0.44
2020-03-30 18:30:00-05:00,2131,0.0,25.6,97.6,0.45
2020-03-30 19:30:00-05:00,2132,0.0,24.4,97.6,0.48
2020-03-30 20:30:00-05:00,2133,0.0,23.9,97.6,0.5
2020-03-30 21:30:00-05:00,2134,0.0,22.8,97.6,0.53
2020-03-30 22:30:00-05:00,2135,0.0,21.7,97.6,0.55
2020-03-30 23:30:00-05:00,2136,0.0,20.0,97.6,0.61
2020-03-31 00:30:00-05:00,2137,0.0,18.9,97.6,0.65
2020-03-31 01:30:00-05:00,2138,0.0,18.3,97.6,0.73
2020-03-31 02:30:00-05:00,2139,0.0,17.8,97.6,0.75
2020-03-31 03:30:00-05:00,2140,0.0,17.2,97.5,0.78
2020-03-31 04:30:00-05:00,2141,0.0,16.7,97.5,0.84
2020-03-31 05:30:00-05:00,2142,0.0,17.2,97.5,0.9
2020-03-31 06:30:00-05:00,2143,0.0,17.8,97.6,0.84
2020-03-31 07:30:00-05:00,2144,0.0,18.3,97.6,0.84
2020-03-31 08:30:00-05:00,2145,0.0,20.0,97.5,0.76
2020-03-31 09:30:00-05:00,2146,0.0,20.6,97.5,0.73
2020-03-31 10:30:00-05:00,2147,0.0,21.7,97.4,0.71
2020-03-31 11:30:00-05:00,2148,0.0,16.7,97.6,0.87
2020-03-31 12:30:00-05:00,2149,0.0,13.9,97.7,0.87
2020-03-31 13:30:00-05:00,2150,0.0,13.3,97.6,0.9
2020-03-31 14:30:00-05:00,2151,0.0,15.0,97.6,0.78
2020-03-31 15:30:00-05:00,2152,0.0,17.2,97.5,0.7
2020-03-31 16:30:00-05:00,2153,0.0,18.3,97.5,0.56
2020-03-31 17:30:00-05:00,2154,0.0,17.8,97.5,0.38
2020-03-31 18:30:00-05:00,2155,0.0,16.7,97.5,0.4
2020-03-31 19:30:00-05:00,2156,0.0,14.4,97.6,0.46
2020-03-31 20:30:00-05:00,2157,0.0,12.8,97.7,0.53
2020-03-31 21:30:00-05:00,2158,0.0,12.6,97.7,0.57
2020-03-31 22:30:00-05:00,2159,0.0,12.3,97.8,0.55
2020-03-31 23:30:00-05:00,2160,0.0,12.1,97.8,0.57
2020-04-01 00:30:00-05:00,2161,0.0,11.8,98.1,0.53
2020-04-01 01:30:00-05:00,2162,0.0,11.6,98.1,0.64
2020-04-01 02:30:00-05:00,2163,0.0,11.3,98.1,0.64
2020-04-01 03:30:00-05:00,2164,0.0,11.1,98.1,0.61
2020-04-01 04:30:00-05:00,2165,0.0,12.2,98.1,0.57
2020-04-01 05:30:00-05:00,2166,0.0,12.8,98.2,0.57
2020-04-01 06:30:00-05:00,2167,0.0,12.8,98.3,0.55
2020-04-01 07:30:00-05:00,2168,0.0,10.6,98.3,0.83
2020-04-01 08:30:00-05:00,2169,0.0,12.8,98.3,0.59
2020-04-01 09:30:00-05:00,2170,0.0,13.3,98.4,0.51
2020-04-01 10:30:00-05:00,2171,0.0,13.3,98.3,0.57
2020-04-01 11:30:00-05:00,2172,0.0,15.6,98.3,0.5
2020-04-01 12:30:00-05:00,2173,0.0,16.1,98.2,0.5
2020-04-01 13:30:00-05:00,2174,0.0,17.2,98.1,0.48
2020-04-01 14:30:00-05:00,2175,0.0,17.2,98.1,0.5
2020-04-01 15:30:00-05:00,2176,0.0,17.2,98.1,0.5
2020-04-01 16:30:00-05:00,2177,0.0,17.8,98.0,0.52
2020-04-01 17:30:00-05:00,2178,0.0,17.2,98.0,0.54
2020-04-01 18:30:00-05:00,2179,0.0,17.2,98.0,0.54
2020-04-01 19:30:00-05:00,2180,0.0,16.1,98.0,0.65
2020-04-01 20:30:00-05:00,2181,0.0,15.0,98.1,0.7
2020-04-01 21:30:00-05:00,2182,0.0,15.0,98.1,0.67
2020-04-01 22:30:00-05:00,2183,0.0,14.4,98.0,0.7
2020-04-01 23:30:00-05:00,2184,0.0,15.0,98.0,0.65
2020-04-02 00:30:00-05:00,2185,0.0,15.0,98.0,0.67
2020-04-02 01:30:00-05:00,2186,0.0,15.0,97.9,0.67
2020-04-02 02:30:00-05:00,2187,0.0,15.0,97.9,0.72
2020-04-02 03:30:00-05:00,2188,0.0,13.3,97.9,0.87
2020-04-02 04:30:00-05:00,2189,0.0,13.3,97.9,0.9
2020-04-02 05:30:00-05:00,2190,0.0,13.3,97.9,0.93
2020-04-02 06:30:00-05:00,2191,0.0,12.8,98.0,0.96
2020-04-02 07:30:00-05:00,2192,0.0,13.3,98.0,1.0
2020-04-02 08:30:00-05:00,2193,0.0,15.6,98.0,0.97
2020-04-02 09:30:00-05:00,2194,0.0,17.2,98.0,0.9
2020-04-02 10:30:00-05:00,2195,0.0,21.1,98.0,0.76
2020-04-02 11:30:00-05:00,2196,0.0,22.2,97.9,0.73
2020-04-02 12:30:00-05:00,2197,0.0,22.2,97.9,0.73
2020-04-02 13:30:00-05:00,2198,0.0,22.8,97.8,0.69
2020-04-02 14:30:00-05:00,2199,0.0,24.4,97.8,0.62
2020-04-02 15:30:00-05:00,2200,0.0,23.9,97.7,0.64
2020-04-02 16:30:00-05:00,2201,0.0,25.0,97.6,0.6
2020-04-02 17:30:00-05:00,2202,0.0,24.4,97.6,0.6
2020-04-02 18:30:00-05:00,2203,0.0,23.3,97.6,0.64
2020-04-02 19:30:00-05:00,2204,0.0,21.7,97.5,0.71
2020-04-02 20:30:00-05:00,2205,0.0,21.7,97.5,0.71
2020-04-02 21:30:00-05:00,2206,0.0,21.7,97.5,0.76
2020-04-02 22:30:00-05:00,2207,0.0,21.1,97.6,0.76
2020-04-02 23:30:00-05:00,2208,0.0,21.1,97.6,0.79
2020-04-03 00:30:00-05:00,2209,0.0,21.1,97.5,0.79
2020-04-03 01:30:00-05:00,2210,0.0,21.1,97.5,0.79
2020-04-03 02:30:00-05:00,2211,0.0,20.6,97.4,0.81
2020-04-03 03:30:00-05:00,2212,0.0,20.6,97.4,0.81
2020-04-03 04:30:00-05:00,2213,0.0,18.3,97.6,0.93
2020-04-03 05:30:00-05:00,2214,0.0,15.0,97.8,0.9
2020-04-03 06:30:00-05:00,2215,0.0,14.4,97.8,0.9
2020-04-03 07:30:00-05:00,2216,0.0,13.9,97.8,0.96
2020-04-03 08:30:00-05:00,2217,0.0,15.0,97.9,1.0
2020-04-03 09:30:00-05:00,2218,0.0,15.6,97.9,0.93
2020-04-03 10:30:00-05:00,2219,0.0,15.0,97.9,0.93
2020-04-03 11:30:00-05:00,2220,0.0,15.6,97.8,0.93
2020-04-03 12:30:00-05:00,2221,0.0,15.6,97.8,0.93
2020-04-03 13:30:00-05:00,2222,0.0,15.6,97.8,0.93
2020-04-03 14:30:00-05:00,2223,0.0,15.6,97.8,0.87
2020-04-03 15:30:00-05:00,2224,0.0,16.7,97.7,0.81
2020-04-03 16:30:00-05:00,2225,0.0,17.2,97.6,0.81
2020-04-03 17:30:00-05:00,2226,0.0,16.7,97.5,0.84
2020-04-03 18:30:00-05:00,2227,0.0,16.1,97.6,0.87
2020-04-03 19:30:00-05:00,2228,0.0,15.6,97.5,0.87
2020-04-03 20:30:00-05:00,2229,0.0,15.0,97.6,0.9
2020-04-03 21:30:00-05:00,2230,0.0,14.4,97.5,0.93
2020-04-03 22:30:00-05:00,2231,0.0,13.9,97.5,0.93
2020-04-03 23:30:00-05:00,2232,0.0,13.9,97.5,0.96
2020-04-04 00:30:00-05:00,2233,0.0,13.9,97.5,0.96
2020-04-04 01:30:00-05:00,2234,0.0,14.4,97.4,0.93
2020-04-04 02:30:00-05:00,2235,0.0,15.0,97.4,0.93
2020-04-04 03:30:00-05:00,2236,0.0,15.6,97.3,0.93
2020-04-04 04:30:00-05:00,2237,0.0,15.6,97.2,0.93
2020-04-04 05:30:00-05:00,2238,0.0,15.6,97.2,0.97
2020-04-04 06:30:00-05:00,2239,0.0,16.7,97.2,0.97
2020-04-04 07:30:00-05:00,2240,0.0,18.3,97.1,0.9
2020-04-04 08:30:00-05:00,2241,0.0,20.6,97.1,0.84
2020-04-04 09:30:00-05:00,2242,0.0,21.1,97.1,0.81
2020-04-04 10:30:00-05:00,2243,0.0,22.8,97.0,0.74
2020-04-04 11:30:00-05:00,2244,0.0,22.8,97.0,0.71
2020-04-04 12:30:00-05:00,2245,0.0,23.3,96.8,0.71
2020-04-04 13:30:00-05:00,2246,0.0,25.0,96.6,0.64
2020-04-04 14:30:00-05:00,2247,0.0,25.6,96.4,0.6
2020-04-04 15:30:00-05:00,2248,0.0,25.6,96.3,0.58
2020-04-04 16:30:00-05:00,2249,0.0,25.6,96.2,0.54
2020-04-04 17:30:00-05:00,2250,0.0,25.0,96.2,0.56
2020-04-04 18:30:00-05:00,2251,0.0,24.4,96.2,0.56
2020-04-04 19:30:00-05:00,2252,0.0,23.9,96.2,0.6
2020-04-04 20:30:00-05:00,2253,0.0,20.0,96.4,0.76
2020-04-04 21:30:00-05:00,2254,0.0,16.7,96.4,0.93
2020-04-04 22:30:00-05:00,2255,0.0,16.1,96.4,0.9
2020-04-04 23:30:00-05:00,2256,0.0,14.4,96.4,0.96
2020-04-05 00:30:00-05:00,2257,0.0,13.9,96.4,0.93
2020-04-05 01:30:00-05:00,2258,0.0,12.8,96.4,0.9
2020-04-05 02:30:00-05:00,2259,0.0,12.2,96.5,0.93
2020-04-05 03:30:00-05:00,2260,0.0,11.7,96.4,0.93
2020-04-05 04:30:00-05:00,2261,0.0,11.7,96.4,0.9
2020-04-05 05:30:00-05:00,2262,0.0,10.0,96.7,0.74
2020-04-05 06:30:00-05:00,2263,0.0,8.9,96.7,0.71
2020-04-05 07:30:00-05:00,2264,0.0,9.4,96.7,0.66
2020-04-05 08:30:00-05:00,2265,0.0,10.0,96.8,0.64
2020-04-05 09:30:00-05:00,2266,0.0,10.6,97.0,0.61
2020-04-05 10:30:00-05:00,2267,0.0,7.8,97.1,0.74
2020-04-05 11:30:00-05:00,2268,0.0,10.0,97.1,0.57
2020-04-05 12:30:00-05:00,2269,0.0,10.0,97.2,0.43
2020-04-05 13:30:00-05:00,2270,0.0,10.6,97.4,0.41
2020-04-05 14:30:00-05:00,2271,0.0,10.0,97.4,0.41
2020-04-05 15:30:00-05:00,2272,0.0,10.0,97.5,0.39
2020-04-05 16:30:00-05:00,2273,0.0,10.0,97.6,0.39
2020-04-05 17:30:00-05:00,2274,0.0,8.9,97.8,0.41
2020-04-05 18:30:00-05:00,2275,0.0,7.8,97.8,0.4
2020-04-05 19:30:00-05:00,2276,0.0,5.6,98.0,0.49
2020-04-05 20:30:00-05:00,2277,0.0,3.9,98.1,0.6
2020-04-05 21:30:00-05:00,2278,0.0,3.3,98.2,0.65
2020-04-05 22:30:00-05:00,2279,0.0,1.7,98.2,0.73
2020-04-05 23:30:00-05:00,2280,0.0,1.7,98.3,0.73
2020-04-06 00:30:00-05:00,2281,0.0,2.2,98.3,0.7
2020-04-06 01:30:00-05:00,2282,0.0,1.7,98.3,0.73
2020-04-06 02:30:00-05:00,2283,0.0,0.6,98.3,0.79
2020-04-06 03:30:00-05:00,2284,0.0,1.1,98.4,0.76
2020-04-06 04:30:00-05:00,2285,0.0,0.0,98.4,0.82
2020-04-06 05:30:00-05:00,2286,0.0,1.1,98.5,0.76
2020-04-06 06:30:00-05:00,2287,0.0,1.7,98.5,0.73
2020-04-06 07:30:00-05:00,2288,0.0,5.0,98.6,0.62
2020-04-06 08:30:00-05:00,2289,0.0,7.2,98.7,0.54
2020-04-06 09:30:00-05:00,2290,0.0,10.0,98.8,0.36
2020-04-06 10:30:00-05:00,2291,0.0,11.7,98.8,0.32
2020-04-06 11:30:00-05:00,2292,0.0,13.3,98.7,0.32
2020-04-06 12:30:00-05:00,2293,0.0,14.4,98.7,0.32
2020-04-06 13:30:00-05:00,2294,0.0,15.0,98.7,0.31
2020-04-06 14:30:00-05:00,2295,0.0,15.6,98.6,0.3
2020-04-06 15:30:00-05:00,2296,0.0,15.6,98.6,0.3
2020-04-06 16:30:00-05:00,2297,0.0,15.6,98.6,0.31
2020-04-06 17:30:00-05:00,2298,0.0,15.0,98.7,0.31
2020-04-06 18:30:00-05:00,2299,0.0,12.8,98.7,0.37
2020-04-06 19:30:00-05:00,2300,0.0,11.7,98.8,0.4
2020-04-06 20:30:00-05:00,2301,0.0,9.4,98.9,0.46
2020-04-06 21:30:00-05:00,2302,0.0,6.7,98.9,0.56
2020-04-06 22:30:00-05:00,2303,0.0,6.1,99.0,0.6
2020-04-06 23:30:00-05:00,2304,0.0,5.0,99.0,0.65
2020-04-07 00:30:00-05:00,2305,0.0,3.9,99.1,0.7
2020-04-07 01:30:00-05:00,2306,0.0,3.9,99.1,0.7
2020-04-07 02:30:00-05:00,2307,0.0,4.4,99.0,0.7
2020-04-07 03:30:00-05:00,2308,0.0,3.9,99.1,0.73
2020-04-07 04:30:00-05:00,2309,0.0,3.3,99.1,0.73
2020-04-07 05:30:00-05:00,2310,0.0,2.8,99.1,0.82
2020-04-07 06:30:00-05:00,2311,0.0,2.8,99.1,0.82
2020-04-07 07:30:00-05:00,2312,0.0,7.2,99.2,0.68
2020-04-07 08:30:00-05:00,2313,0.0,11.7,99.2,0.49
2020-04-07 09:30:00-05:00,2314,0.0,15.6,99.2,0.41
2020-04-07 10:30:00-05:00,2315,0.0,17.8,99.2,0.35
2020-04-07 11:30:00-05:00,2316,0.0,19.4,99.1,0.37
2020-04-07 12:30:00-05:00,2317,0.0,21.7,99.0,0.34
2020-04-07 13:30:00-05:00,2318,0.0,22.2,98.9,0.37
2020-04-07 14:30:00-05:00,2319,0.0,24.4,98.8,0.3
2020-04-07 15:30:00-05:00,2320,0.0,24.4,98.7,0.32
2020-04-07 16:30:00-05:00,2321,0.0,24.4,98.6,0.29
2020-04-07 17:30:00-05:00,2322,0.0,23.9,98.6,0.32
2020-04-07 18:30:00-05:00,2323,0.0,21.1,98.6,0.38
2020-04-07 19:30:00-05:00,2324,0.0,16.7,98.7,0.54
2020-04-07 20:30:00-05:00,2325,0.0,16.1,98.7,0.54
2020-04-07 21:30:00-05:00,2326,0.0,15.0,98.7,0.62
2020-04-07 22:30:00-05:00,2327,0.0,13.3,98.7,0.75
2020-04-07 23:30:00-05:00,2328,0.0,12.8,98.7,0.77
2020-04-08 00:30:00-05:00,2329,0.0,12.2,98.7,0.8
2020-04-08 01:30:00-05:00,2330,0.0,11.1,98.6,0.83
2020-04-08 02:30:00-05:00,2331,0.0,13.3,98.6,0.67
2020-04-08 03:30:00-05:00,2332,0.0,12.8,98.6,0.69
2020-04-08 04:30:00-05:00,2333,0.0,11.7,98.6,0.74
2020-04-08 05:30:00-05:00,2334,0.0,9.4,98.6,0.86
2020-04-08 06:30:00-05:00,2335,0.0,10.0,98.6,0.83
2020-04-08 07:30:00-05:00,2336,0.0,15.0,98.7,0.65
2020-04-08 08:30:00-05:00,2337,0.0,17.2,98.7,0.56
2020-04-08 09:30:00-05:00,2338,0.0,20.6,98.7,0.51
2020-04-08 10:30:00-05:00,2339,0.0,22.2,98.7,0.43
2020-04-08 11:30:00-05:00,2340,0.0,23.9,98.7,0.36
2020-04-08 12:30:00-05:00,2341,0.0,24.4,98.7,0.31
2020-04-08 13:30:00-05:00,2342,0.0,25.6,98.7,0.22
2020-04-08 14:30:00-05:00,2343,0.0,25.6,98.6,0.23
2020-04-08 15:30:00-05:00,2344,0.0,25.6,98.5,0.22
2020-04-08 16:30:00-05:00,2345,0.0,25.6,98.5,0.24
2020-04-08 17:30:00-05:00,2346,0.0,24.4,98.5,0.23
2020-04-08 18:30:00-05:00,2347,0.0,21.7,98.5,0.28
2020-04-08 19:30:00-05:00,2348,0.0,20.6,98.6,0.24
2020-04-08 20:30:00-05:00,2349,0.0,17.8,98.7,0.28
2020-04-08 21:30:00-05:00,2350,0.0,16.7,98.7,0.3
2020-04-08 22:30:00-05:00,2351,0.0,14.4,98.7,0.36
2020-04-08 23:30:00-05:00,2352,0.0,13.3,98.8,0.37
2020-04-09 00:30:00-05:00,2353,0.0,11.7,98.8,0.41
2020-04-09 01:30:00-05:00,2354,0.0,11.1,98.8,0.43
2020-04-09 02:30:00-05:00,2355,0.0,11.1,98.8,0.41
2020-04-09 03:30:00-05:00,2356,0.0,8.9,98.8,0.5
2020-04-09 04:30:00-05:00,2357,0.0,7.8,98.8,0.56
2020-04-09 05:30:00-05:00,2358,0.0,6.7,98.9,0.6
2020-04-09 06:30:00-05:00,2359,0.0,8.9,98.9,0.5
2020-04-09 07:30:00-05:00,2360,0.0,11.1,99.1,0.45
2020-04-09 08:30:00-05:00,2361,0.0,13.3,99.1,0.37
2020-04-09 09:30:00-05:00,2362,0.0,15.6,99.1,0.3
2020-04-09 10:30:00-05:00,2363,0.0,16.7,99.1,0.29
2020-04-09 11:30:00-05:00,2364,0.0,18.3,99.1,0.25
2020-04-09 12:30:00-05:00,2365,0.0,20.0,99.1,0.24
2020-04-09 13:30:00-05:00,2366,0.0,20.6,99.1,0.28
2020-04-09 14:30:00-05:00,2367,0.0,21.7,99.0,0.27
2020-04-09 15:30:00-05:00,2368,0.0,21.7,98.9,0.22
2020-04-09 16:30:00-05:00,2369,0.0,21.7,98.9,0.23
2020-04-09 17:30:00-05:00,2370,0.0,21.1,98.9,0.28
2020-04-09 18:30:00-05:00,2371,0.0,17.2,98.9,0.4
2020-04-09 19:30:00-05:00,2372,0.0,13.9,98.9,0.47
2020-04-09 20:30:00-05:00,2373,0.0,13.3,99.0,0.49
2020-04-09 21:30:00-05:00,2374,0.0,11.7,99.0,0.59
2020-04-09 22:30:00-05:00,2375,0.0,12.2,99.0,0.53
2020-04-09 23:30:00-05:00,2376,0.0,11.7,99.0,0.49
2020-04-10 00:30:00-05:00,2377,0.0,11.7,99.0,0.49
2020-04-10 01:30:00-05:00,2378,0.0,10.0,99.0,0.57
2020-04-10 02:30:00-05:00,2379,0.0,10.6,99.0,0.54
2020-04-10 03:30:00-05:00,2380,0.0,8.9,99.0,0.66
2020-04-10 04:30:00-05:00,2381,0.0,8.9,99.0,0.68
2020-04-10 05:30:00-05:00,2382,0.0,8.3,99.1,0.66
2020-04-10 06:30:00-05:00,2383,0.0,8.9,99.2,0.61
2020-04-10 07:30:00-05:00,2384,0.0,12.2,99.2,0.62
2020-04-10 08:30:00-05:00,2385,0.0,15.6,99.3,0.46
2020-04-10 09:30:00-05:00,2386,0.0,18.3,99.3,0.37
2020-04-10 10:30:00-05:00,2387,0.0,20.0,99.3,0.33
2020-04-10 11:30:00-05:00,2388,0.0,21.7,99.3,0.31
2020-04-10 12:30:00-05:00,2389,0.0,23.3,99.2,0.28
2020-04-10 13:30:00-05:00,2390,0.0,25.0,99.1,0.27
2020-04-10 14:30:00-05:00,2391,0.0,25.6,99.1,0.26
2020-04-10 15:30:00-05:00,2392,0.0,25.6,99.0,0.27
2020-04-10 16:30:00-05:00,2393,0.0,25.0,99.0,0.36
2020-04-10 17:30:00-05:00,2394,0.0,23.3,99.0,0.38
2020-04-10 18:30:00-05:00,2395,0.0,20.0,99.0,0.47
2020-04-10 19:30:00-05:00,2396,0.0,18.9,99.1,0.49
2020-04-10 20:30:00-05:00,2397,0.0,18.3,99.1,0.5
2020-04-10 21:30:00-05:00,2398,0.0,15.0,99.2,0.65
2020-04-10 22:30:00-05:00,2399,0.0,13.3,99.2,0.72
2020-04-10 23:30:00-05:00,2400,0.0,13.3,99.2,0.72
2020-04-11 00:30:00-05:00,2401,0.0,12.2,99.2,0.75
2020-04-11 01:30:00-05:00,2402,0.0,12.2,99.2,0.75
2020-04-11 02:30:00-05:00,2403,0.0,12.2,99.2,0.72
2020-04-11 03:30:00-05:00,2404,0.0,12.2,99.2,0.72
2020-04-11 04:30:00-05:00,2405,0.0,11.1,99.3,0.72
2020-04-11 05:30:00-05:00,2406,0.0,11.1,99.3,0.74
2020-04-11 06:30:00-05:00,2407,0.0,11.7,99.4,0.74
2020-04-11 07:30:00-05:00,2408,0.0,17.2,99.4,0.56
2020-04-11 08:30:00-05:00,2409,0.0,19.4,99.5,0.49
2020-04-11 09:30:00-05:00,2410,0.0,21.7,99.5,0.41
2020-04-11 10:30:00-05:00,2411,0.0,23.3,99.5,0.38
2020-04-11 11:30:00-05:00,2412,0.0,25.0,99.5,0.37
2020-04-11 12:30:00-05:00,2413,0.0,26.7,99.4,0.33
2020-04-11 13:30:00-05:00,2414,0.0,26.7,99.3,0.29
2020-04-11 14:30:00-05:00,2415,0.5812660787052,27.8,99.3,0.31
2020-04-11 15:30:00-05:00,2416,1.2688209203485998,27.2,99.2,0.29
2020-04-11 16:30:00-05:00,2417,0.0,27.2,99.2,0.32
2020-04-11 17:30:00-05:00,2418,0.0,25.0,99.2,0.35
2020-04-11 18:30:00-05:00,2419,0.0,21.7,99.2,0.44
2020-04-11 19:30:00-05:00,2420,0.0,21.1,99.2,0.44
2020-04-11 20:30:00-05:00,2421,0.0,21.1,99.3,0.46
2020-04-11 21:30:00-05:00,2422,0.0,17.2,99.3,0.6
2020-04-11 22:30:00-05:00,2423,0.0,15.0,99.3,0.72
2020-04-11 23:30:00-05:00,2424,0.0,15.0,99.3,0.72
2020-04-12 00:30:00-05:00,2425,0.0,15.0,99.3,0.7
2020-04-12 01:30:00-05:00,2426,0.0,13.9,99.3,0.72
2020-04-12 02:30:00-05:00,2427,0.0,13.9,99.3,0.72
2020-04-12 03:30:00-05:00,2428,0.0,14.4,99.3,0.67
2020-04-12 04:30:00-05:00,2429,0.0,13.9,99.3,0.69
2020-04-12 05:30:00-05:00,2430,0.0,13.9,99.3,0.69
2020-04-12 06:30:00-05:00,2431,0.0,16.1,99.4,0.58
2020-04-12 07:30:00-05:00,2432,0.0,18.3,99.4,0.56
2020-04-12 08:30:00-05:00,2433,0.0,18.9,99.4,0.57
2020-04-12 09:30:00-05:00,2434,0.0,22.2,99.4,0.5
2020-04-12 10:30:00-05:00,2435,0.0,25.0,99.4,0.42
2020-04-12 11:30:00-05:00,2436,0.0,26.1,99.3,0.39
2020-04-12 12:30:00-05:00,2437,0.0,27.8,99.2,0.31
2020-04-12 13:30:00-05:00,2438,0.4429234369752,28.9,99.1,0.3
2020-04-12 14:30:00-05:00,2439,1.9156023685784,28.3,99.0,0.31
2020-04-12 15:30:00-05:00,2440,2.117717323139,27.8,99.0,0.28
2020-04-12 16:30:00-05:00,2441,0.0,27.2,98.9,0.3
2020-04-12 17:30:00-05:00,2442,0.0,23.9,98.9,0.42
2020-04-12 18:30:00-05:00,2443,0.0,22.8,98.9,0.46
2020-04-12 19:30:00-05:00,2444,0.0,21.1,99.0,0.46
2020-04-12 20:30:00-05:00,2445,0.0,19.4,99.0,0.53
2020-04-12 21:30:00-05:00,2446,0.0,17.8,99.0,0.61
2020-04-12 22:30:00-05:00,2447,0.0,18.3,99.0,0.54
2020-04-12 23:30:00-05:00,2448,0.0,17.2,99.0,0.58
2020-04-13 00:30:00-05:00,2449,0.0,16.7,98.9,0.6
2020-04-13 01:30:00-05:00,2450,0.0,15.0,98.9,0.7
2020-04-13 02:30:00-05:00,2451,0.0,15.0,98.8,0.7
2020-04-13 03:30:00-05:00,2452,0.0,14.4,98.8,0.7
2020-04-13 04:30:00-05:00,2453,0.0,13.3,98.8,0.75
2020-04-13 05:30:00-05:00,2454,0.0,13.3,98.8,0.78
2020-04-13 06:30:00-05:00,2455,0.0,12.2,98.9,0.83
2020-04-13 07:30:00-05:00,2456,0.0,15.6,98.9,0.78
2020-04-13 08:30:00-05:00,2457,0.0,18.3,98.9,0.68
2020-04-13 09:30:00-05:00,2458,0.0,21.1,98.9,0.59
2020-04-13 10:30:00-05:00,2459,0.0,24.4,98.9,0.48
2020-04-13 11:30:00-05:00,2460,0.0,26.1,98.8,0.41
2020-04-13 12:30:00-05:00,2461,0.0,26.7,98.7,0.34
2020-04-13 13:30:00-05:00,2462,0.0,26.7,98.6,0.31
2020-04-13 14:30:00-05:00,2463,0.694965103927,27.2,98.5,0.28
2020-04-13 15:30:00-05:00,2464,1.3847061755012,26.7,98.4,0.27
2020-04-13 16:30:00-05:00,2465,0.0,26.1,98.3,0.31
2020-04-13 17:30:00-05:00,2466,0.0,23.9,98.3,0.42
2020-04-13 18:30:00-05:00,2467,0.0,21.1,98.3,0.47
2020-04-13 19:30:00-05:00,2468,0.0,20.0,98.3,0.51
2020-04-13 20:30:00-05:00,2469,0.0,18.9,98.3,0.54
2020-04-13 21:30:00-05:00,2470,0.0,17.8,98.3,0.58
2020-04-13 22:30:00-05:00,2471,0.0,18.3,98.3,0.54
2020-04-13 23:30:00-05:00,2472,0.0,16.1,98.3,0.65
2020-04-14 00:30:00-05:00,2473,0.0,15.0,98.3,0.65
2020-04-14 01:30:00-05:00,2474,0.0,14.4,98.2,0.67
2020-04-14 02:30:00-05:00,2475,0.0,13.9,98.2,0.67
2020-04-14 03:30:00-05:00,2476,0.0,13.9,98.2,0.67
2020-04-14 04:30:00-05:00,2477,0.0,12.8,98.2,0.69
2020-04-14 05:30:00-05:00,2478,0.0,11.7,98.2,0.72
2020-04-14 06:30:00-05:00,2479,0.0,12.2,98.2,0.77
2020-04-14 07:30:00-05:00,2480,0.0,16.1,98.3,0.72
2020-04-14 08:30:00-05:00,2481,0.0,19.4,98.3,0.57
2020-04-14 09:30:00-05:00,2482,0.0,21.1,98.3,0.51
2020-04-14 10:30:00-05:00,2483,0.0,23.9,98.3,0.43
2020-04-14 11:30:00-05:00,2484,0.0,26.1,98.2,0.36
2020-04-14 12:30:00-05:00,2485,0.0,26.7,98.1,0.29
2020-04-14 13:30:00-05:00,2486,0.05544700294966,27.2,98.1,0.28
2020-04-14 14:30:00-05:00,2487,1.0975740715886,27.2,98.0,0.3
2020-04-14 15:30:00-05:00,2488,1.6000502286852,27.2,97.9,0.29
2020-04-14 16:30:00-05:00,2489,0.0,26.7,97.9,0.3
2020-04-14 17:30:00-05:00,2490,0.0,25.0,97.9,0.37
2020-04-14 18:30:00-05:00,2491,0.0,21.7,98.0,0.44
2020-04-14 19:30:00-05:00,2492,0.0,21.1,98.0,0.44
2020-04-14 20:30:00-05:00,2493,0.0,20.0,98.0,0.49
2020-04-14 21:30:00-05:00,2494,0.0,17.2,98.0,0.58
2020-04-14 22:30:00-05:00,2495,0.0,16.7,98.1,0.58
2020-04-14 23:30:00-05:00,2496,0.0,15.0,98.1,0.58
2020-04-15 00:30:00-05:00,2497,0.0,14.4,98.1,0.6
2020-04-15 01:30:00-05:00,2498,0.0,12.8,98.1,0.62
2020-04-15 02:30:00-05:00,2499,0.0,14.4,98.0,0.53
2020-04-15 03:30:00-05:00,2500,0.0,12.2,98.1,0.59
2020-04-15 04:30:00-05:00,2501,0.0,11.7,98.1,0.66
2020-04-15 05:30:00-05:00,2502,0.0,11.7,98.1,0.66
2020-04-15 06:30:00-05:00,2503,0.0,13.9,98.2,0.6
2020-04-15 07:30:00-05:00,2504,0.0,18.3,98.2,0.5
2020-04-15 08:30:00-05:00,2505,0.0,20.6,98.2,0.39
2020-04-15 09:30:00-05:00,2506,0.0,23.3,98.3,0.33
2020-04-15 10:30:00-05:00,2507,0.0,25.6,98.2,0.29
2020-04-15 11:30:00-05:00,2508,0.0,26.7,98.2,0.27
2020-04-15 12:30:00-05:00,2509,0.0,26.7,98.1,0.27
2020-04-15 13:30:00-05:00,2510,0.0,27.8,98.1,0.24
2020-04-15 14:30:00-05:00,2511,0.0,27.8,98.1,0.27
2020-04-15 15:30:00-05:00,2512,0.0,28.3,98.0,0.27
2020-04-15 16:30:00-05:00,2513,0.0,26.7,98.0,0.29
2020-04-15 17:30:00-05:00,2514,0.0,25.0,98.0,0.36
2020-04-15 18:30:00-05:00,2515,0.0,23.3,98.0,0.43
2020-04-15 19:30:00-05:00,2516,0.0,21.7,98.0,0.43
2020-04-15 20:30:00-05:00,2517,0.0,19.4,98.1,0.49
2020-04-15 21:30:00-05:00,2518,0.0,19.4,98.1,0.45
2020-04-15 22:30:00-05:00,2519,0.0,19.4,98.1,0.49
2020-04-15 23:30:00-05:00,2520,0.0,18.3,98.2,0.5
2020-04-16 00:30:00-05:00,2521,0.0,16.7,98.2,0.54
2020-04-16 01:30:00-05:00,2522,0.0,17.8,98.2,0.54
2020-04-16 02:30:00-05:00,2523,0.0,15.6,98.1,0.6
2020-04-16 03:30:00-05:00,2524,0.0,15.0,98.1,0.6
2020-04-16 04:30:00-05:00,2525,0.0,13.3,98.2,0.64
2020-04-16 05:30:00-05:00,2526,0.0,13.3,98.2,0.64
2020-04-16 06:30:00-05:00,2527,0.0,13.3,98.3,0.72
2020-04-16 07:30:00-05:00,2528,0.0,18.3,98.3,0.56
2020-04-16 08:30:00-05:00,2529,0.0,21.1,98.3,0.47
2020-04-16 09:30:00-05:00,2530,0.0,22.2,98.3,0.44
2020-04-16 10:30:00-05:00,2531,0.0,26.1,98.3,0.32
2020-04-16 11:30:00-05:00,2532,0.0,27.2,98.2,0.29
2020-04-16 12:30:00-05:00,2533,0.0,28.3,98.2,0.27
2020-04-16 13:30:00-05:00,2534,0.0,28.9,98.1,0.26
2020-04-16 14:30:00-05:00,2535,0.0,27.2,98.1,0.29
2020-04-16 15:30:00-05:00,2536,0.0,26.7,98.0,0.34
2020-04-16 16:30:00-05:00,2537,0.0,26.7,98.0,0.3
2020-04-16 17:30:00-05:00,2538,0.0,25.6,98.0,0.39
2020-04-16 18:30:00-05:00,2539,0.0,22.2,98.0,0.5
2020-04-16 19:30:00-05:00,2540,0.0,22.2,98.1,0.41
2020-04-16 20:30:00-05:00,2541,0.0,21.7,98.1,0.48
2020-04-16 21:30:00-05:00,2542,0.0,19.4,98.1,0.55
2020-04-16 22:30:00-05:00,2543,0.0,17.2,98.1,0.7
2020-04-16 23:30:00-05:00,2544,0.0,16.1,98.1,0.7
2020-04-17 00:30:00-05:00,2545,0.0,16.1,98.1,0.65
2020-04-17 01:30:00-05:00,2546,0.0,15.0,98.1,0.65
2020-04-17 02:30:00-05:00,2547,0.0,15.0,98.1,0.65
2020-04-17 03:30:00-05:00,2548,0.0,14.4,98.1,0.62
2020-04-17 04:30:00-05:00,2549,0.0,15.0,98.1,0.6
2020-04-17 05:30:00-05:00,2550,0.0,13.3,98.2,0.69
2020-04-17 06:30:00-05:00,2551,0.0,15.0,98.2,0.67
2020-04-17 07:30:00-05:00,2552,0.0,17.8,98.2,0.58
2020-04-17 08:30:00-05:00,2553,0.0,20.0,98.3,0.55
2020-04-17 09:30:00-05:00,2554,0.0,22.8,98.3,0.46
2020-04-17 10:30:00-05:00,2555,0.0,25.6,98.3,0.39
2020-04-17 11:30:00-05:00,2556,0.0,26.7,98.2,0.36
2020-04-17 12:30:00-05:00,2557,0.0,27.8,98.2,0.33
2020-04-17 13:30:00-05:00,2558,0.2522888646468,28.9,98.1,0.28
2020-04-17 14:30:00-05:00,2559,1.6432756933225998,28.9,98.1,0.27
2020-04-17 15:30:00-05:00,2560,2.2422775241612,28.9,98.0,0.27
2020-04-17 16:30:00-05:00,2561,0.0,28.3,98.0,0.3
2020-04-17 17:30:00-05:00,2562,0.0,26.7,98.0,0.33
2020-04-17 18:30:00-05:00,2563,0.0,25.0,98.0,0.39
2020-04-17 19:30:00-05:00,2564,0.0,22.8,98.1,0.46
2020-04-17 20:30:00-05:00,2565,0.0,20.0,98.1,0.53
2020-04-17 21:30:00-05:00,2566,0.0,20.0,98.2,0.51
2020-04-17 22:30:00-05:00,2567,0.0,18.3,98.2,0.59
2020-04-17 23:30:00-05:00,2568,0.0,17.8,98.2,0.63
2020-04-18 00:30:00-05:00,2569,0.0,16.7,98.2,0.67
2020-04-18 01:30:00-05:00,2570,0.0,15.6,98.1,0.75
2020-04-18 02:30:00-05:00,2571,0.0,16.7,98.2,0.7
2020-04-18 03:30:00-05:00,2572,0.0,15.6,98.1,0.75
2020-04-18 04:30:00-05:00,2573,0.0,14.4,98.2,0.78
2020-04-18 05:30:00-05:00,2574,0.0,13.3,98.2,0.87
2020-04-18 06:30:00-05:00,2575,0.0,13.3,98.2,0.87
2020-04-18 07:30:00-05:00,2576,0.0,19.4,98.3,0.63
2020-04-18 08:30:00-05:00,2577,0.0,22.2,98.3,0.51
2020-04-18 09:30:00-05:00,2578,0.0,24.4,98.3,0.42
2020-04-18 10:30:00-05:00,2579,0.0,26.1,98.3,0.41
2020-04-18 11:30:00-05:00,2580,0.0,27.2,98.2,0.37
2020-04-18 12:30:00-05:00,2581,0.0,27.8,98.2,0.31
2020-04-18 13:30:00-05:00,2582,0.19335957604686,27.2,98.2,0.3
2020-04-18 14:30:00-05:00,2583,0.2723077460897,25.6,98.1,0.42
2020-04-18 15:30:00-05:00,2584,0.0,25.6,98.0,0.42
2020-04-18 16:30:00-05:00,2585,0.0,25.6,98.0,0.42
2020-04-18 17:30:00-05:00,2586,0.0,24.4,98.1,0.48
2020-04-18 18:30:00-05:00,2587,0.0,22.8,98.1,0.46
2020-04-18 19:30:00-05:00,2588,0.0,21.7,98.2,0.57
2020-04-18 20:30:00-05:00,2589,0.0,20.0,98.3,0.63
2020-04-18 21:30:00-05:00,2590,0.0,19.4,98.3,0.59
2020-04-18 22:30:00-05:00,2591,0.0,18.9,98.3,0.61
2020-04-18 23:30:00-05:00,2592,0.0,18.3,98.3,0.65
2020-04-19 00:30:00-05:00,2593,0.0,16.7,98.3,0.78
2020-04-19 01:30:00-05:00,2594,0.0,16.7,98.3,0.81
2020-04-19 02:30:00-05:00,2595,0.0,16.7,98.2,0.78
2020-04-19 03:30:00-05:00,2596,0.0,16.1,98.2,0.84
2020-04-19 04:30:00-05:00,2597,0.0,16.1,98.3,0.84
2020-04-19 05:30:00-05:00,2598,0.0,15.6,98.3,0.84
2020-04-19 06:30:00-05:00,2599,0.0,16.1,98.4,0.84
2020-04-19 07:30:00-05:00,2600,0.0,17.2,98.4,0.78
2020-04-19 08:30:00-05:00,2601,0.0,19.4,98.4,0.68
2020-04-19 09:30:00-05:00,2602,0.0,21.7,98.4,0.61
2020-04-19 10:30:00-05:00,2603,0.0,23.9,98.5,0.54
2020-04-19 11:30:00-05:00,2604,0.0,25.0,98.4,0.5
2020-04-19 12:30:00-05:00,2605,0.0,25.0,98.3,0.5
2020-04-19 13:30:00-05:00,2606,0.07407047980906,25.6,98.3,0.45
2020-04-19 14:30:00-05:00,2607,1.2443077073878,26.7,98.2,0.41
2020-04-19 15:30:00-05:00,2608,0.8191369478638,26.7,98.2,0.36
2020-04-19 16:30:00-05:00,2609,0.0,26.1,98.1,0.38
2020-04-19 17:30:00-05:00,2610,0.0,25.0,98.2,0.37
2020-04-19 18:30:00-05:00,2611,0.0,22.8,98.2,0.5
2020-04-19 19:30:00-05:00,2612,0.0,20.6,98.2,0.68
2020-04-19 20:30:00-05:00,2613,0.0,18.9,98.2,0.76
2020-04-19 21:30:00-05:00,2614,0.0,17.8,98.3,0.81
2020-04-19 22:30:00-05:00,2615,0.0,16.1,98.3,0.87
2020-04-19 23:30:00-05:00,2616,0.0,16.1,98.3,0.87
2020-04-20 00:30:00-05:00,2617,0.0,16.1,98.3,0.87
2020-04-20 01:30:00-05:00,2618,0.0,15.6,98.4,0.87
2020-04-20 02:30:00-05:00,2619,0.0,14.4,98.3,0.9
2020-04-20 03:30:00-05:00,2620,0.0,14.4,98.4,0.87
2020-04-20 04:30:00-05:00,2621,0.0,13.9,98.4,0.9
2020-04-20 05:30:00-05:00,2622,0.0,13.9,98.4,0.9
2020-04-20 06:30:00-05:00,2623,0.0,15.0,98.5,0.87
2020-04-20 07:30:00-05:00,2624,0.0,16.1,98.5,0.81
2020-04-20 08:30:00-05:00,2625,0.0,18.3,98.6,0.73
2020-04-20 09:30:00-05:00,2626,0.0,20.6,98.7,0.61
2020-04-20 10:30:00-05:00,2627,0.0,22.2,98.6,0.53
2020-04-20 11:30:00-05:00,2628,0.0,23.9,98.5,0.46
2020-04-20 12:30:00-05:00,2629,0.0,23.9,98.5,0.46
2020-04-20 13:30:00-05:00,2630,0.0,23.9,98.5,0.48
2020-04-20 14:30:00-05:00,2631,0.0,23.9,98.4,0.48
2020-04-20 15:30:00-05:00,2632,0.0,24.4,98.4,0.48
2020-04-20 16:30:00-05:00,2633,0.0,23.3,98.4,0.5
2020-04-20 17:30:00-05:00,2634,0.0,22.8,98.4,0.51
2020-04-20 18:30:00-05:00,2635,0.0,22.2,98.3,0.53
2020-04-20 19:30:00-05:00,2636,0.0,20.0,98.4,0.61
2020-04-20 20:30:00-05:00,2637,0.0,18.9,98.4,0.68
2020-04-20 21:30:00-05:00,2638,0.0,18.9,98.5,0.7
2020-04-20 22:30:00-05:00,2639,0.0,18.3,98.5,0.73
2020-04-20 23:30:00-05:00,2640,0.0,18.3,98.5,0.73
2020-04-21 00:30:00-05:00,2641,0.0,17.2,98.6,0.78
2020-04-21 01:30:00-05:00,2642,0.0,16.1,98.6,0.84
2020-04-21 02:30:00-05:00,2643,0.0,15.6,98.7,0.87
2020-04-21 03:30:00-05:00,2644,0.0,15.6,98.7,0.87
2020-04-21 04:30:00-05:00,2645,0.0,15.6,98.7,0.87
2020-04-21 05:30:00-05:00,2646,0.0,15.0,98.8,0.93
2020-04-21 06:30:00-05:00,2647,0.0,15.0,98.8,0.93
2020-04-21 07:30:00-05:00,2648,0.0,16.1,98.8,0.9
2020-04-21 08:30:00-05:00,2649,0.0,17.2,98.8,0.87
2020-04-21 09:30:00-05:00,2650,0.0,18.9,98.9,0.81
2020-04-21 10:30:00-05:00,2651,0.0,20.0,98.8,0.78
2020-04-21 11:30:00-05:00,2652,0.0,21.1,98.8,0.73
2020-04-21 12:30:00-05:00,2653,0.0,22.2,98.8,0.68
2020-04-21 13:30:00-05:00,2654,0.0,22.8,98.7,0.66
2020-04-21 14:30:00-05:00,2655,0.0,22.8,98.7,0.69
2020-04-21 15:30:00-05:00,2656,0.0,22.8,98.6,0.66
2020-04-21 16:30:00-05:00,2657,0.0,21.7,98.6,0.76
2020-04-21 17:30:00-05:00,2658,0.0,21.7,98.6,0.76
2020-04-21 18:30:00-05:00,2659,0.0,21.7,98.5,0.73
2020-04-21 19:30:00-05:00,2660,0.0,20.0,98.6,0.76
2020-04-21 20:30:00-05:00,2661,0.0,19.4,98.7,0.81
2020-04-21 21:30:00-05:00,2662,0.0,19.4,98.7,0.81
2020-04-21 22:30:00-05:00,2663,0.0,19.4,98.7,0.78
2020-04-21 23:30:00-05:00,2664,0.0,18.3,98.7,0.81
2020-04-22 00:30:00-05:00,2665,0.0,17.8,98.7,0.81
2020-04-22 01:30:00-05:00,2666,0.0,17.2,98.7,0.81
2020-04-22 02:30:00-05:00,2667,0.0,17.8,98.7,0.81
2020-04-22 03:30:00-05:00,2668,0.0,17.8,98.7,0.81
2020-04-22 04:30:00-05:00,2669,0.0,17.2,98.7,0.84
2020-04-22 05:30:00-05:00,2670,0.0,16.7,98.7,0.87
2020-04-22 06:30:00-05:00,2671,0.0,16.7,98.7,0.87
2020-04-22 07:30:00-05:00,2672,0.0,17.2,98.7,0.87
2020-04-22 08:30:00-05:00,2673,0.0,17.8,98.7,0.87
2020-04-22 09:30:00-05:00,2674,0.0,19.4,98.7,0.78
2020-04-22 10:30:00-05:00,2675,0.0,20.0,98.7,0.76
2020-04-22 11:30:00-05:00,2676,0.0,21.1,98.7,0.73
2020-04-22 12:30:00-05:00,2677,0.0,21.1,98.6,0.73
2020-04-22 13:30:00-05:00,2678,0.0,20.6,98.5,0.79
2020-04-22 14:30:00-05:00,2679,0.0,22.2,98.5,0.71
2020-04-22 15:30:00-05:00,2680,0.0,21.7,98.4,0.73
2020-04-22 16:30:00-05:00,2681,0.0,21.7,98.4,0.76
2020-04-22 17:30:00-05:00,2682,0.0,19.4,98.4,0.84
2020-04-22 18:30:00-05:00,2683,0.0,20.6,98.3,0.76
2020-04-22 19:30:00-05:00,2684,0.0,19.4,98.3,0.81
2020-04-22 20:30:00-05:00,2685,0.0,19.4,98.4,0.81
2020-04-22 21:30:00-05:00,2686,0.0,17.8,98.5,0.93
2020-04-22 22:30:00-05:00,2687,0.0,17.2,98.4,1.0
2020-04-22 23:30:00-05:00,2688,0.0,17.8,98.4,0.93
2020-04-23 00:30:00-05:00,2689,0.0,17.8,98.3,0.97
2020-04-23 01:30:00-05:00,2690,0.0,17.2,98.3,0.97
2020-04-23 02:30:00-05:00,2691,0.0,16.7,98.2,0.97
2020-04-23 03:30:00-05:00,2692,0.0,16.7,98.2,0.97
2020-04-23 04:30:00-05:00,2693,0.0,16.7,98.2,0.97
2020-04-23 05:30:00-05:00,2694,0.0,16.7,98.2,0.97
2020-04-23 06:30:00-05:00,2695,0.0,16.7,98.3,0.97
2020-04-23 07:30:00-05:00,2696,0.0,17.2,98.2,0.97
2020-04-23 08:30:00-05:00,2697,0.0,17.8,98.2,0.93
2020-04-23 09:30:00-05:00,2698,0.0,17.8,98.2,0.93
2020-04-23 10:30:00-05:00,2699,0.0,18.9,98.2,0.9
2020-04-23 11:30:00-05:00,2700,0.0,21.1,98.2,0.76
2020-04-23 12:30:00-05:00,2701,0.0,22.8,98.1,0.69
2020-04-23 13:30:00-05:00,2702,0.0,23.9,98.0,0.62
2020-04-23 14:30:00-05:00,2703,0.0,24.4,97.8,0.58
2020-04-23 15:30:00-05:00,2704,0.0,24.4,97.8,0.58
2020-04-23 16:30:00-05:00,2705,0.0,25.0,97.7,0.56
2020-04-23 17:30:00-05:00,2706,0.0,23.9,97.7,0.6
2020-04-23 18:30:00-05:00,2707,0.0,20.6,97.7,0.76
2020-04-23 19:30:00-05:00,2708,0.0,19.4,97.7,0.81
2020-04-23 20:30:00-05:00,2709,0.0,19.4,97.6,0.87
2020-04-23 21:30:00-05:00,2710,0.0,16.1,97.7,0.93
2020-04-23 22:30:00-05:00,2711,0.0,16.1,97.7,0.93
2020-04-23 23:30:00-05:00,2712,0.0,16.1,97.7,0.97
2020-04-24 00:30:00-05:00,2713,0.0,15.6,97.7,0.97
2020-04-24 01:30:00-05:00,2714,0.0,15.6,97.6,0.97
2020-04-24 02:30:00-05:00,2715,0.0,15.0,97.6,1.0
2020-04-24 03:30:00-05:00,2716,0.0,13.9,97.5,1.0
2020-04-24 04:30:00-05:00,2717,0.0,13.9,97.5,1.0
2020-04-24 05:30:00-05:00,2718,0.0,13.3,97.5,1.0
2020-04-24 06:30:00-05:00,2719,0.0,13.3,97.6,0.93
2020-04-24 07:30:00-05:00,2720,0.0,15.0,97.6,0.87
2020-04-24 08:30:00-05:00,2721,0.0,14.4,97.6,0.84
2020-04-24 09:30:00-05:00,2722,0.0,16.7,97.6,0.7
2020-04-24 10:30:00-05:00,2723,0.0,18.3,97.5,0.68
2020-04-24 11:30:00-05:00,2724,0.0,18.9,97.6,0.59
2020-04-24 12:30:00-05:00,2725,0.0,18.9,97.5,0.59
2020-04-24 13:30:00-05:00,2726,0.0,18.9,97.5,0.54
2020-04-24 14:30:00-05:00,2727,0.0,20.0,97.5,0.47
2020-04-24 15:30:00-05:00,2728,0.0,20.6,97.4,0.46
2020-04-24 16:30:00-05:00,2729,0.0,21.1,97.4,0.42
2020-04-24 17:30:00-05:00,2730,0.0,20.6,97.4,0.46
2020-04-24 18:30:00-05:00,2731,0.0,18.3,97.4,0.5
2020-04-24 19:30:00-05:00,2732,0.0,16.1,97.4,0.54
2020-04-24 20:30:00-05:00,2733,0.0,13.3,97.4,0.64
2020-04-24 21:30:00-05:00,2734,0.0,12.8,97.5,0.77
2020-04-24 22:30:00-05:00,2735,0.0,12.2,97.5,0.8
2020-04-24 23:30:00-05:00,2736,0.0,12.8,97.4,0.77
2020-04-25 00:30:00-05:00,2737,0.0,12.2,97.4,0.8
2020-04-25 01:30:00-05:00,2738,0.0,11.7,97.3,0.83
2020-04-25 02:30:00-05:00,2739,0.0,10.6,97.3,0.9
2020-04-25 03:30:00-05:00,2740,0.0,10.0,97.3,0.89
2020-04-25 04:30:00-05:00,2741,0.0,9.4,97.3,0.93
2020-04-25 05:30:00-05:00,2742,0.0,9.4,97.4,0.89
2020-04-25 06:30:00-05:00,2743,0.0,9.4,97.4,0.89
2020-04-25 07:30:00-05:00,2744,0.0,12.2,97.4,0.77
2020-04-25 08:30:00-05:00,2745,0.0,12.8,97.4,0.75
2020-04-25 09:30:00-05:00,2746,0.0,15.0,97.4,0.65
2020-04-25 10:30:00-05:00,2747,0.0,16.1,97.4,0.56
2020-04-25 11:30:00-05:00,2748,0.0,17.2,97.3,0.43
2020-04-25 12:30:00-05:00,2749,0.0,18.3,97.3,0.37
2020-04-25 13:30:00-05:00,2750,0.0,18.9,97.3,0.39
2020-04-25 14:30:00-05:00,2751,0.0,18.3,97.2,0.39
2020-04-25 15:30:00-05:00,2752,0.0,17.8,97.2,0.34
2020-04-25 16:30:00-05:00,2753,0.0,16.7,97.3,0.38
2020-04-25 17:30:00-05:00,2754,0.0,16.1,97.3,0.38
2020-04-25 18:30:00-05:00,2755,0.0,14.4,97.3,0.42
2020-04-25 19:30:00-05:00,2756,0.0,12.8,97.4,0.47
2020-04-25 20:30:00-05:00,2757,0.0,11.1,97.5,0.53
2020-04-25 21:30:00-05:00,2758,0.0,10.0,97.5,0.57
2020-04-25 22:30:00-05:00,2759,0.0,9.4,97.5,0.59
2020-04-25 23:30:00-05:00,2760,0.0,7.8,97.6,0.66
2020-04-26 00:30:00-05:00,2761,0.0,6.1,97.6,0.73
2020-04-26 01:30:00-05:00,2762,0.0,5.0,97.5,0.79
2020-04-26 02:30:00-05:00,2763,0.0,4.4,97.5,0.79
2020-04-26 03:30:00-05:00,2764,0.0,4.4,97.5,0.79
2020-04-26 04:30:00-05:00,2765,0.0,2.8,97.6,0.89
2020-04-26 05:30:00-05:00,2766,0.0,2.8,97.7,0.89
2020-04-26 06:30:00-05:00,2767,0.0,4.4,97.7,0.82
2020-04-26 07:30:00-05:00,2768,0.0,7.8,97.8,0.68
2020-04-26 08:30:00-05:00,2769,0.0,11.1,97.8,0.57
2020-04-26 09:30:00-05:00,2770,0.0,12.2,97.8,0.53
2020-04-26 10:30:00-05:00,2771,0.0,13.9,97.9,0.44
2020-04-26 11:30:00-05:00,2772,0.0,16.1,97.8,0.34
2020-04-26 12:30:00-05:00,2773,0.0,15.6,97.8,0.34
2020-04-26 13:30:00-05:00,2774,0.0,15.6,97.8,0.31
2020-04-26 14:30:00-05:00,2775,0.0,15.6,97.7,0.32
2020-04-26 15:30:00-05:00,2776,0.0,16.1,97.7,0.32
2020-04-26 16:30:00-05:00,2777,0.0,16.1,97.8,0.32
2020-04-26 17:30:00-05:00,2778,0.0,15.6,97.8,0.34
2020-04-26 18:30:00-05:00,2779,0.0,14.4,97.9,0.36
2020-04-26 19:30:00-05:00,2780,0.0,10.6,97.9,0.5
2020-04-26 20:30:00-05:00,2781,0.0,10.0,98.0,0.57
2020-04-26 21:30:00-05:00,2782,0.0,8.3,98.0,0.66
2020-04-26 22:30:00-05:00,2783,0.0,6.7,98.1,0.74
2020-04-26 23:30:00-05:00,2784,0.0,6.1,98.1,0.76
2020-04-27 00:30:00-05:00,2785,0.0,5.6,98.1,0.79
2020-04-27 01:30:00-05:00,2786,0.0,5.6,98.1,0.79
2020-04-27 02:30:00-05:00,2787,0.0,5.6,98.1,0.79
2020-04-27 03:30:00-05:00,2788,0.0,5.6,98.2,0.79
2020-04-27 04:30:00-05:00,2789,0.0,5.0,98.2,0.82
2020-04-27 05:30:00-05:00,2790,0.0,4.4,98.2,0.86
2020-04-27 06:30:00-05:00,2791,0.0,6.1,98.3,0.76
2020-04-27 07:30:00-05:00,2792,0.0,10.0,98.4,0.64
2020-04-27 08:30:00-05:00,2793,0.0,13.3,98.4,0.55
2020-04-27 09:30:00-05:00,2794,0.0,16.1,98.4,0.46
2020-04-27 10:30:00-05:00,2795,0.0,18.3,98.4,0.39
2020-04-27 11:30:00-05:00,2796,0.0,18.9,98.4,0.34
2020-04-27 12:30:00-05:00,2797,0.0,20.6,98.3,0.31
2020-04-27 13:30:00-05:00,2798,0.0,21.7,98.3,0.3
2020-04-27 14:30:00-05:00,2799,0.0,21.7,98.2,0.31
2020-04-27 15:30:00-05:00,2800,0.0,22.2,98.2,0.3
2020-04-27 16:30:00-05:00,2801,0.0,22.2,98.2,0.3
2020-04-27 17:30:00-05:00,2802,0.0,21.7,98.2,0.31
2020-04-27 18:30:00-05:00,2803,0.0,18.9,98.2,0.39
2020-04-27 19:30:00-05:00,2804,0.0,15.6,98.2,0.52
2020-04-27 20:30:00-05:00,2805,0.0,14.4,98.3,0.58
2020-04-27 21:30:00-05:00,2806,0.0,13.3,98.4,0.6
2020-04-27 22:30:00-05:00,2807,0.0,11.1,98.4,0.69
2020-04-27 23:30:00-05:00,2808,0.0,12.2,98.4,0.64
2020-04-28 00:30:00-05:00,2809,0.0,11.7,98.4,0.64
2020-04-28 01:30:00-05:00,2810,0.0,11.7,98.4,0.64
2020-04-28 02:30:00-05:00,2811,0.0,11.1,98.3,0.64
2020-04-28 03:30:00-05:00,2812,0.0,8.9,98.3,0.74
2020-04-28 04:30:00-05:00,2813,0.0,8.9,98.4,0.74
2020-04-28 05:30:00-05:00,2814,0.0,8.3,98.4,0.74
2020-04-28 06:30:00-05:00,2815,0.0,11.7,98.5,0.64
2020-04-28 07:30:00-05:00,2816,0.0,15.6,98.5,0.54
2020-04-28 08:30:00-05:00,2817,0.0,18.3,98.4,0.49
2020-04-28 09:30:00-05:00,2818,0.0,18.3,98.4,0.49
2020-04-28 10:30:00-05:00,2819,0.0,19.4,98.4,0.47
2020-04-28 11:30:00-05:00,2820,0.0,23.3,98.3,0.37
2020-04-28 12:30:00-05:00,2821,0.0,23.9,98.3,0.37
2020-04-28 13:30:00-05:00,2822,0.0,25.0,98.2,0.32
2020-04-28 14:30:00-05:00,2823,0.0,25.6,98.1,0.36
2020-04-28 15:30:00-05:00,2824,0.0,25.0,98.0,0.37
2020-04-28 16:30:00-05:00,2825,0.0,23.9,98.0,0.39
2020-04-28 17:30:00-05:00,2826,0.0,23.9,98.0,0.39
2020-04-28 18:30:00-05:00,2827,0.0,22.2,98.0,0.44
2020-04-28 19:30:00-05:00,2828,0.0,20.0,98.0,0.55
2020-04-28 20:30:00-05:00,2829,0.0,18.3,98.0,0.61
2020-04-28 21:30:00-05:00,2830,0.0,17.2,98.1,0.65
2020-04-28 22:30:00-05:00,2831,0.0,17.2,98.1,0.65
2020-04-28 23:30:00-05:00,2832,0.0,17.2,98.1,0.65
2020-04-29 00:30:00-05:00,2833,0.0,16.1,98.1,0.7
2020-04-29 01:30:00-05:00,2834,0.0,15.0,98.1,0.72
2020-04-29 02:30:00-05:00,2835,0.0,14.4,98.0,0.75
2020-04-29 03:30:00-05:00,2836,0.0,13.9,98.0,0.8
2020-04-29 04:30:00-05:00,2837,0.0,13.9,98.1,0.8
2020-04-29 05:30:00-05:00,2838,0.0,15.0,98.2,0.78
2020-04-29 06:30:00-05:00,2839,0.0,15.0,98.2,0.75
2020-04-29 07:30:00-05:00,2840,0.0,15.6,98.3,0.78
2020-04-29 08:30:00-05:00,2841,0.0,16.1,98.3,0.78
2020-04-29 09:30:00-05:00,2842,0.0,16.7,98.4,0.78
2020-04-29 10:30:00-05:00,2843,0.0,18.9,98.4,0.7
2020-04-29 11:30:00-05:00,2844,0.0,21.7,98.4,0.64
2020-04-29 12:30:00-05:00,2845,0.0,22.2,98.3,0.59
2020-04-29 13:30:00-05:00,2846,0.0,23.3,98.3,0.6
2020-04-29 14:30:00-05:00,2847,0.0,23.9,98.2,0.58
2020-04-29 15:30:00-05:00,2848,0.0,23.9,98.2,0.56
2020-04-29 16:30:00-05:00,2849,0.0,23.9,98.2,0.58
2020-04-29 17:30:00-05:00,2850,0.0,22.2,98.2,0.64
2020-04-29 18:30:00-05:00,2851,0.0,21.7,98.2,0.68
2020-04-29 19:30:00-05:00,2852,0.0,18.9,98.2,0.81
2020-04-29 20:30:00-05:00,2853,0.0,18.3,98.3,0.87
2020-04-29 21:30:00-05:00,2854,0.0,17.2,98.3,0.9
2020-04-29 22:30:00-05:00,2855,0.0,17.2,98.4,0.9
2020-04-29 23:30:00-05:00,2856,0.0,15.6,98.4,0.9
2020-04-30 00:30:00-05:00,2857,0.0,14.4,98.4,0.96
2020-04-30 01:30:00-05:00,2858,0.0,13.3,98.4,1.0
2020-04-30 02:30:00-05:00,2859,0.0,13.3,98.4,1.0
2020-04-30 03:30:00-05:00,2860,0.0,13.3,98.4,1.0
2020-04-30 04:30:00-05:00,2861,0.0,13.3,98.4,1.0
2020-04-30 05:30:00-05:00,2862,0.0,13.3,98.4,1.0
2020-04-30 06:30:00-05:00,2863,0.0,13.3,98.5,1.0
2020-04-30 07:30:00-05:00,2864,0.0,13.9,98.6,1.0
2020-04-30 08:30:00-05:00,2865,0.0,14.4,98.7,0.93
2020-04-30 09:30:00-05:00,2866,0.0,17.2,98.7,0.84
2020-04-30 10:30:00-05:00,2867,0.0,18.9,98.7,0.78
2020-04-30 11:30:00-05:00,2868,0.0,20.6,98.7,0.73
2020-04-30 12:30:00-05:00,2869,0.0,21.7,98.7,0.71
2020-04-30 13:30:00-05:00,2870,0.0,22.8,98.5,0.71
2020-04-30 14:30:00-05:00,2871,0.0,22.8,98.5,0.71
2020-04-30 15:30:00-05:00,2872,0.0,22.8,98.4,0.69
2020-04-30 16:30:00-05:00,2873,0.0,21.1,98.4,0.79
2020-04-30 17:30:00-05:00,2874,0.0,20.0,98.5,0.81
2020-04-30 18:30:00-05:00,2875,0.0,18.9,98.5,0.87
2020-04-30 19:30:00-05:00,2876,0.0,17.8,98.6,0.97
2020-04-30 20:30:00-05:00,2877,0.0,17.2,98.6,1.0
2020-04-30 21:30:00-05:00,2878,0.0,17.0,98.6,1.0
2020-04-30 22:30:00-05:00,2879,0.0,16.9,98.6,1.0
2020-04-30 23:30:00-05:00,2880,0.0,16.7,98.6,1.0
2020-05-01 00:30:00-05:00,2881,0.0,16.6,98.6,1.0
2020-05-01 01:30:00-05:00,2882,0.0,16.4,98.5,1.0
2020-05-01 02:30:00-05:00,2883,0.0,16.3,98.5,1.0
2020-05-01 03:30:00-05:00,2884,0.0,16.1,98.6,1.0
2020-05-01 04:30:00-05:00,2885,0.0,16.1,98.7,1.0
2020-05-01 05:30:00-05:00,2886,0.0,16.1,98.7,1.0
2020-05-01 06:30:00-05:00,2887,0.0,15.0,98.7,1.0
2020-05-01 07:30:00-05:00,2888,0.0,16.1,98.8,1.0
2020-05-01 08:30:00-05:00,2889,0.0,16.7,98.9,0.97
2020-05-01 09:30:00-05:00,2890,0.0,16.7,98.9,0.97
2020-05-01 10:30:00-05:00,2891,0.0,17.8,98.9,0.9
2020-05-01 11:30:00-05:00,2892,0.0,18.9,98.8,0.87
2020-05-01 12:30:00-05:00,2893,0.0,20.0,98.8,0.78
2020-05-01 13:30:00-05:00,2894,0.0,22.2,98.7,0.66
2020-05-01 14:30:00-05:00,2895,0.0,22.2,98.7,0.66
2020-05-01 15:30:00-05:00,2896,0.037806387583769994,23.3,98.6,0.6
2020-05-01 16:30:00-05:00,2897,0.0,23.9,98.5,0.56
2020-05-01 17:30:00-05:00,2898,0.0,22.2,98.5,0.64
2020-05-01 18:30:00-05:00,2899,0.0,21.7,98.5,0.68
2020-05-01 19:30:00-05:00,2900,0.0,19.4,98.6,0.81
2020-05-01 20:30:00-05:00,2901,0.0,18.3,98.6,0.9
2020-05-01 21:30:00-05:00,2902,0.0,17.8,98.7,0.93
2020-05-01 22:30:00-05:00,2903,0.0,17.2,98.7,0.97
2020-05-01 23:30:00-05:00,2904,0.0,16.7,98.7,1.0
2020-05-02 00:30:00-05:00,2905,0.0,16.7,98.7,1.0
2020-05-02 01:30:00-05:00,2906,0.0,16.7,98.6,1.0
2020-05-02 02:30:00-05:00,2907,0.0,16.7,98.6,1.0
2020-05-02 03:30:00-05:00,2908,0.0,15.6,98.6,1.0
2020-05-02 04:30:00-05:00,2909,0.0,15.6,98.6,1.0
2020-05-02 05:30:00-05:00,2910,0.0,16.1,98.7,1.0
2020-05-02 06:30:00-05:00,2911,0.0,15.0,98.7,1.0
2020-05-02 07:30:00-05:00,2912,0.0,17.2,98.7,0.93
2020-05-02 08:30:00-05:00,2913,0.0,18.3,98.7,0.87
2020-05-02 09:30:00-05:00,2914,0.0,20.0,98.8,0.81
2020-05-02 10:30:00-05:00,2915,0.0,21.7,98.7,0.73
2020-05-02 11:30:00-05:00,2916,0.0,23.3,98.7,0.66
2020-05-02 12:30:00-05:00,2917,0.36503073234211997,24.4,98.6,0.58
2020-05-02 13:30:00-05:00,2918,1.5651739382962,23.9,98.5,0.6
2020-05-02 14:30:00-05:00,2919,2.1697648760604,24.4,98.4,0.56
2020-05-02 15:30:00-05:00,2920,2.1135374806983998,24.4,98.4,0.58
2020-05-02 16:30:00-05:00,2921,0.0,23.9,98.3,0.58
2020-05-02 17:30:00-05:00,2922,0.0,23.3,98.3,0.62
2020-05-02 18:30:00-05:00,2923,0.0,21.7,98.3,0.71
2020-05-02 19:30:00-05:00,2924,0.0,21.1,98.3,0.73
2020-05-02 20:30:00-05:00,2925,0.0,20.0,98.4,0.78
2020-05-02 21:30:00-05:00,2926,0.0,18.9,98.4,0.87
2020-05-02 22:30:00-05:00,2927,0.0,18.9,98.4,0.87
2020-05-02 23:30:00-05:00,2928,0.0,18.9,98.4,0.87
2020-05-03 00:30:00-05:00,2929,0.0,18.9,98.4,0.87
2020-05-03 01:30:00-05:00,2930,0.0,18.3,98.4,0.87
2020-05-03 02:30:00-05:00,2931,0.0,17.2,98.4,0.9
2020-05-03 03:30:00-05:00,2932,0.0,16.1,98.3,0.97
2020-05-03 04:30:00-05:00,2933,0.0,16.1,98.3,0.97
2020-05-03 05:30:00-05:00,2934,0.0,16.1,98.4,0.97
2020-05-03 06:30:00-05:00,2935,0.0,16.1,98.4,0.97
2020-05-03 07:30:00-05:00,2936,0.0,16.7,98.5,0.93
2020-05-03 08:30:00-05:00,2937,0.0,19.4,98.5,0.81
2020-05-03 09:30:00-05:00,2938,0.0,21.7,98.5,0.71
2020-05-03 10:30:00-05:00,2939,0.0,24.4,98.5,0.6
2020-05-03 11:30:00-05:00,2940,0.29321757095207995,25.0,98.5,0.58
2020-05-03 12:30:00-05:00,2941,1.9963112900843998,25.0,98.4,0.58
2020-05-03 13:30:00-05:00,2942,2.611443036498,22.8,98.3,0.66
2020-05-03 14:30:00-05:00,2943,3.5233291498823998,26.1,98.3,0.6
2020-05-03 15:30:00-05:00,2944,3.955132416988,25.0,98.2,0.56
2020-05-03 16:30:00-05:00,2945,0.0,25.0,98.1,0.54
2020-05-03 17:30:00-05:00,2946,0.0,23.9,98.1,0.6
2020-05-03 18:30:00-05:00,2947,0.0,21.1,98.1,0.68
2020-05-03 19:30:00-05:00,2948,0.0,20.6,98.1,0.73
2020-05-03 20:30:00-05:00,2949,0.0,20.0,98.2,0.76
2020-05-03 21:30:00-05:00,2950,0.0,20.6,98.2,0.73
2020-05-03 22:30:00-05:00,2951,0.0,20.0,98.2,0.78
2020-05-03 23:30:00-05:00,2952,0.0,19.4,98.2,0.84
2020-05-04 00:30:00-05:00,2953,0.0,17.8,98.2,0.9
2020-05-04 01:30:00-05:00,2954,0.0,16.1,98.1,0.97
2020-05-04 02:30:00-05:00,2955,0.0,15.6,98.1,1.0
2020-05-04 03:30:00-05:00,2956,0.0,15.0,98.2,1.0
2020-05-04 04:30:00-05:00,2957,0.0,14.4,98.2,1.0
2020-05-04 05:30:00-05:00,2958,0.0,15.0,98.2,0.97
2020-05-04 06:30:00-05:00,2959,0.0,15.0,98.3,0.97
2020-05-04 07:30:00-05:00,2960,0.0,16.7,98.4,0.84
2020-05-04 08:30:00-05:00,2961,0.0,20.0,98.4,0.76
2020-05-04 09:30:00-05:00,2962,0.0,22.8,98.3,0.66
2020-05-04 10:30:00-05:00,2963,0.0,24.4,98.3,0.6
2020-05-04 11:30:00-05:00,2964,0.5889517714146,25.6,98.2,0.54
2020-05-04 12:30:00-05:00,2965,2.1558905376991997,26.1,98.2,0.49
2020-05-04 13:30:00-05:00,2966,2.9433469243116,26.1,98.2,0.49
2020-05-04 14:30:00-05:00,2967,3.868809299254,26.7,98.1,0.45
2020-05-04 15:30:00-05:00,2968,4.756834286624,26.7,98.0,0.45
2020-05-04 16:30:00-05:00,2969,0.0,26.1,98.0,0.45
2020-05-04 17:30:00-05:00,2970,0.0,25.6,98.0,0.49
2020-05-04 18:30:00-05:00,2971,0.0,22.8,98.0,0.59
2020-05-04 19:30:00-05:00,2972,0.0,20.6,98.0,0.66
2020-05-04 20:30:00-05:00,2973,0.0,20.6,98.0,0.66
2020-05-04 21:30:00-05:00,2974,0.0,18.9,98.1,0.68
2020-05-04 22:30:00-05:00,2975,0.0,17.8,98.0,0.73
2020-05-04 23:30:00-05:00,2976,0.0,17.2,98.0,0.78
2020-05-05 00:30:00-05:00,2977,0.0,17.2,98.0,0.78
2020-05-05 01:30:00-05:00,2978,0.0,16.1,97.9,0.84
2020-05-05 02:30:00-05:00,2979,0.0,16.1,97.9,0.84
2020-05-05 03:30:00-05:00,2980,0.0,14.4,98.0,0.87
2020-05-05 04:30:00-05:00,2981,0.0,14.4,98.0,0.87
2020-05-05 05:30:00-05:00,2982,0.0,14.4,98.0,0.9
2020-05-05 06:30:00-05:00,2983,0.0,16.1,98.0,0.84
2020-05-05 07:30:00-05:00,2984,0.0,19.4,98.0,0.73
2020-05-05 08:30:00-05:00,2985,0.0,22.2,98.1,0.66
2020-05-05 09:30:00-05:00,2986,0.0,23.9,98.0,0.6
2020-05-05 10:30:00-05:00,2987,0.013206681805785998,25.6,98.0,0.5
2020-05-05 11:30:00-05:00,2988,1.0736933464737999,26.7,98.0,0.49
2020-05-05 12:30:00-05:00,2989,2.9164869890659997,27.2,97.9,0.46
2020-05-05 13:30:00-05:00,2990,4.065975384702,27.8,97.9,0.46
2020-05-05 14:30:00-05:00,2991,9.403762394758,27.8,97.8,0.46
2020-05-05 15:30:00-05:00,2992,14.42031187396,27.8,97.8,0.46
2020-05-05 16:30:00-05:00,2993,0.0,28.3,97.8,0.43
2020-05-05 17:30:00-05:00,2994,0.0,27.2,97.7,0.42
2020-05-05 18:30:00-05:00,2995,0.0,25.6,97.7,0.5
2020-05-05 19:30:00-05:00,2996,0.0,22.8,97.8,0.59
2020-05-05 20:30:00-05:00,2997,0.0,21.7,97.8,0.64
2020-05-05 21:30:00-05:00,2998,0.0,20.6,97.9,0.68
2020-05-05 22:30:00-05:00,2999,0.0,19.4,97.9,0.68
2020-05-05 23:30:00-05:00,3000,0.0,18.3,97.9,0.68
2020-05-06 00:30:00-05:00,3001,0.0,18.3,97.9,0.68
2020-05-06 01:30:00-05:00,3002,0.0,17.8,97.8,0.75
2020-05-06 02:30:00-05:00,3003,0.0,16.7,97.9,0.84
2020-05-06 03:30:00-05:00,3004,0.0,17.2,97.9,0.84
2020-05-06 04:30:00-05:00,3005,0.0,16.1,97.9,0.84
2020-05-06 05:30:00-05:00,3006,0.0,18.9,98.0,0.73
2020-05-06 06:30:00-05:00,3007,0.0,18.9,98.0,0.76
2020-05-06 07:30:00-05:00,3008,0.0,21.7,98.0,0.68
2020-05-06 08:30:00-05:00,3009,0.0,23.9,98.1,0.62
2020-05-06 09:30:00-05:00,3010,0.0,26.1,98.1,0.54
2020-05-06 10:30:00-05:00,3011,0.0,27.2,98.1,0.51
2020-05-06 11:30:00-05:00,3012,0.0,27.2,98.0,0.49
2020-05-06 12:30:00-05:00,3013,0.11165372086968,28.3,98.0,0.44
2020-05-06 13:30:00-05:00,3014,1.2243355413038,28.3,97.9,0.44
2020-05-06 14:30:00-05:00,3015,2.1145307600042,28.9,97.9,0.44
2020-05-06 15:30:00-05:00,3016,0.0,30.0,97.9,0.4
2020-05-06 16:30:00-05:00,3017,0.0,27.8,97.8,0.44
2020-05-06 17:30:00-05:00,3018,0.0,27.2,97.8,0.51
2020-05-06 18:30:00-05:00,3019,0.0,26.7,97.8,0.54
2020-05-06 19:30:00-05:00,3020,0.0,23.9,97.9,0.64
2020-05-06 20:30:00-05:00,3021,0.0,22.8,97.9,0.69
2020-05-06 21:30:00-05:00,3022,0.0,22.2,97.9,0.68
2020-05-06 22:30:00-05:00,3023,0.0,21.1,97.9,0.71
2020-05-06 23:30:00-05:00,3024,0.0,20.6,97.9,0.71
2020-05-07 00:30:00-05:00,3025,0.0,20.0,98.0,0.73
2020-05-07 01:30:00-05:00,3026,0.0,18.9,97.9,0.73
2020-05-07 02:30:00-05:00,3027,0.0,17.2,97.9,0.78
2020-05-07 03:30:00-05:00,3028,0.0,16.7,97.9,0.87
2020-05-07 04:30:00-05:00,3029,0.0,16.1,97.9,0.87
2020-05-07 05:30:00-05:00,3030,0.0,16.1,98.0,0.93
2020-05-07 06:30:00-05:00,3031,0.0,18.9,98.0,0.81
2020-05-07 07:30:00-05:00,3032,0.0,21.1,98.0,0.73
2020-05-07 08:30:00-05:00,3033,0.0,23.3,98.0,0.69
2020-05-07 09:30:00-05:00,3034,0.0,25.0,98.0,0.64
2020-05-07 10:30:00-05:00,3035,0.0,27.2,98.0,0.58
2020-05-07 11:30:00-05:00,3036,0.0,27.8,98.0,0.53
2020-05-07 12:30:00-05:00,3037,0.0,28.3,97.9,0.51
2020-05-07 13:30:00-05:00,3038,0.0,18.9,98.0,0.84
2020-05-07 14:30:00-05:00,3039,0.0,22.2,97.9,0.84
2020-05-07 15:30:00-05:00,3040,0.0,21.1,97.8,0.9
2020-05-07 16:30:00-05:00,3041,0.0,24.4,97.7,0.66
2020-05-07 17:30:00-05:00,3042,0.0,24.4,97.7,0.69
2020-05-07 18:30:00-05:00,3043,0.0,21.7,97.8,0.81
2020-05-07 19:30:00-05:00,3044,0.0,21.7,97.7,0.84
2020-05-07 20:30:00-05:00,3045,0.0,21.7,97.8,0.81
2020-05-07 21:30:00-05:00,3046,0.0,21.1,97.8,0.81
2020-05-07 22:30:00-05:00,3047,0.0,18.9,97.8,0.9
2020-05-07 23:30:00-05:00,3048,0.0,18.3,97.8,0.9
2020-05-08 00:30:00-05:00,3049,0.0,17.8,97.8,0.93
2020-05-08 01:30:00-05:00,3050,0.0,17.2,97.7,0.97
2020-05-08 02:30:00-05:00,3051,0.0,16.7,97.8,0.97
2020-05-08 03:30:00-05:00,3052,0.0,17.2,97.8,0.97
2020-05-08 04:30:00-05:00,3053,0.0,17.2,97.8,0.93
2020-05-08 05:30:00-05:00,3054,0.0,16.7,97.8,0.97
2020-05-08 06:30:00-05:00,3055,0.0,17.2,97.8,1.0
2020-05-08 07:30:00-05:00,3056,0.0,18.3,97.9,0.97
2020-05-08 08:30:00-05:00,3057,0.0,21.7,97.9,0.81
2020-05-08 09:30:00-05:00,3058,0.0,22.8,97.8,0.76
2020-05-08 10:30:00-05:00,3059,0.0,24.4,97.8,0.69
2020-05-08 11:30:00-05:00,3060,0.21823822610198,24.4,97.7,0.64
2020-05-08 12:30:00-05:00,3061,2.2960518566248003,26.7,97.7,0.56
2020-05-08 13:30:00-05:00,3062,3.9641812416959996,27.8,97.6,0.51
2020-05-08 14:30:00-05:00,3063,9.440867937762,28.9,97.5,0.49
2020-05-08 15:30:00-05:00,3064,16.143052681274,27.8,97.4,0.51
2020-05-08 16:30:00-05:00,3065,0.0,27.8,97.3,0.51
2020-05-08 17:30:00-05:00,3066,0.0,26.1,97.3,0.54
2020-05-08 18:30:00-05:00,3067,0.0,24.4,97.3,0.62
2020-05-08 19:30:00-05:00,3068,0.0,22.8,97.4,0.64
2020-05-08 20:30:00-05:00,3069,0.0,20.6,97.3,0.71
2020-05-08 21:30:00-05:00,3070,0.0,20.0,97.3,0.71
2020-05-08 22:30:00-05:00,3071,0.0,18.3,97.3,0.78
2020-05-08 23:30:00-05:00,3072,0.0,17.2,97.2,0.87
2020-05-09 00:30:00-05:00,3073,0.0,17.2,97.2,0.87
2020-05-09 01:30:00-05:00,3074,0.0,16.7,97.2,0.9
2020-05-09 02:30:00-05:00,3075,0.0,16.1,97.2,0.9
2020-05-09 03:30:00-05:00,3076,0.0,16.1,97.1,0.87
2020-05-09 04:30:00-05:00,3077,0.0,16.1,97.2,0.84
2020-05-09 05:30:00-05:00,3078,0.0,15.6,97.2,0.84
2020-05-09 06:30:00-05:00,3079,0.0,15.0,97.3,0.84
2020-05-09 07:30:00-05:00,3080,0.0,16.7,97.3,0.73
2020-05-09 08:30:00-05:00,3081,0.0,19.4,97.4,0.53
2020-05-09 09:30:00-05:00,3082,0.0,20.6,97.4,0.32
2020-05-09 10:30:00-05:00,3083,0.0,21.7,97.3,0.31
2020-05-09 11:30:00-05:00,3084,0.0,22.2,97.3,0.33
2020-05-09 12:30:00-05:00,3085,0.10879539639093999,23.3,97.3,0.33
2020-05-09 13:30:00-05:00,3086,0.903965123307,22.8,97.3,0.3
2020-05-09 14:30:00-05:00,3087,1.4631381185126,22.8,97.2,0.3
2020-05-09 15:30:00-05:00,3088,1.6092748020099998,22.8,97.2,0.27
2020-05-09 16:30:00-05:00,3089,0.0,21.1,97.3,0.28
2020-05-09 17:30:00-05:00,3090,0.0,20.0,97.3,0.25
2020-05-09 18:30:00-05:00,3091,0.0,17.8,97.3,0.27
2020-05-09 19:30:00-05:00,3092,0.0,15.6,97.3,0.3
2020-05-09 20:30:00-05:00,3093,0.0,13.3,97.4,0.34
2020-05-09 21:30:00-05:00,3094,0.0,11.1,97.4,0.41
2020-05-09 22:30:00-05:00,3095,0.0,12.2,97.4,0.38
2020-05-09 23:30:00-05:00,3096,0.0,11.1,97.5,0.41
2020-05-10 00:30:00-05:00,3097,0.0,10.6,97.5,0.43
2020-05-10 01:30:00-05:00,3098,0.0,10.6,97.5,0.43
2020-05-10 02:30:00-05:00,3099,0.0,10.0,97.6,0.44
2020-05-10 03:30:00-05:00,3100,0.0,8.9,97.6,0.5
2020-05-10 04:30:00-05:00,3101,0.0,8.9,97.7,0.5
2020-05-10 05:30:00-05:00,3102,0.0,9.4,97.7,0.48
2020-05-10 06:30:00-05:00,3103,0.0,9.4,97.8,0.48
2020-05-10 07:30:00-05:00,3104,0.0,11.1,97.8,0.47
2020-05-10 08:30:00-05:00,3105,0.0,13.9,97.9,0.39
2020-05-10 09:30:00-05:00,3106,0.0,15.6,97.9,0.35
2020-05-10 10:30:00-05:00,3107,0.0,17.2,97.9,0.35
2020-05-10 11:30:00-05:00,3108,0.0,17.8,97.8,0.37
2020-05-10 12:30:00-05:00,3109,0.0,20.0,97.8,0.35
2020-05-10 13:30:00-05:00,3110,0.0,20.6,97.7,0.36
2020-05-10 14:30:00-05:00,3111,0.0,21.7,97.7,0.34
2020-05-10 15:30:00-05:00,3112,0.023932274096804,22.2,97.6,0.33
2020-05-10 16:30:00-05:00,3113,0.0,21.7,97.6,0.29
2020-05-10 17:30:00-05:00,3114,0.0,21.1,97.6,0.25
2020-05-10 18:30:00-05:00,3115,0.0,20.0,97.6,0.23
2020-05-10 19:30:00-05:00,3116,0.0,16.7,97.7,0.32
2020-05-10 20:30:00-05:00,3117,0.0,15.0,97.7,0.38
2020-05-10 21:30:00-05:00,3118,0.0,13.3,97.8,0.42
2020-05-10 22:30:00-05:00,3119,0.0,12.2,97.8,0.47
2020-05-10 23:30:00-05:00,3120,0.0,11.1,97.8,0.5
2020-05-11 00:30:00-05:00,3121,0.0,10.0,97.9,0.54
2020-05-11 01:30:00-05:00,3122,0.0,10.0,97.8,0.54
2020-05-11 02:30:00-05:00,3123,0.0,10.0,97.9,0.57
2020-05-11 03:30:00-05:00,3124,0.0,9.4,97.9,0.63
2020-05-11 04:30:00-05:00,3125,0.0,8.3,98.0,0.66
2020-05-11 05:30:00-05:00,3126,0.0,7.8,98.1,0.71
2020-05-11 06:30:00-05:00,3127,0.0,10.0,98.2,0.61
2020-05-11 07:30:00-05:00,3128,0.0,11.7,98.2,0.59
2020-05-11 08:30:00-05:00,3129,0.0,14.4,98.3,0.6
2020-05-11 09:30:00-05:00,3130,0.0,17.2,98.3,0.65
2020-05-11 10:30:00-05:00,3131,0.0,20.0,98.3,0.59
2020-05-11 11:30:00-05:00,3132,0.0,22.8,98.3,0.43
2020-05-11 12:30:00-05:00,3133,0.0,22.2,98.2,0.43
2020-05-11 13:30:00-05:00,3134,0.0,22.8,98.2,0.4
2020-05-11 14:30:00-05:00,3135,0.08379074696675999,22.8,98.2,0.38
2020-05-11 15:30:00-05:00,3136,0.5008261553308,22.8,98.2,0.43
2020-05-11 16:30:00-05:00,3137,0.0,22.8,98.2,0.43
2020-05-11 17:30:00-05:00,3138,0.0,22.8,98.2,0.4
2020-05-11 18:30:00-05:00,3139,0.0,20.6,98.2,0.46
2020-05-11 19:30:00-05:00,3140,0.0,18.9,98.2,0.52
2020-05-11 20:30:00-05:00,3141,0.0,17.2,98.2,0.58
2020-05-11 21:30:00-05:00,3142,0.0,16.7,98.2,0.63
2020-05-11 22:30:00-05:00,3143,0.0,16.1,98.3,0.65
2020-05-11 23:30:00-05:00,3144,0.0,16.1,98.3,0.6
2020-05-12 00:30:00-05:00,3145,0.0,15.6,98.3,0.58
2020-05-12 01:30:00-05:00,3146,0.0,15.0,98.3,0.62
2020-05-12 02:30:00-05:00,3147,0.0,13.3,98.3,0.69
2020-05-12 03:30:00-05:00,3148,0.0,12.2,98.3,0.75
2020-05-12 04:30:00-05:00,3149,0.0,11.7,98.4,0.74
2020-05-12 05:30:00-05:00,3150,0.0,11.1,98.5,0.77
2020-05-12 06:30:00-05:00,3151,0.0,11.7,98.6,0.77
2020-05-12 07:30:00-05:00,3152,0.0,15.0,98.7,0.65
2020-05-12 08:30:00-05:00,3153,0.0,16.7,98.7,0.63
2020-05-12 09:30:00-05:00,3154,0.0,20.0,98.7,0.53
2020-05-12 10:30:00-05:00,3155,0.0,21.1,98.7,0.49
2020-05-12 11:30:00-05:00,3156,0.0,22.8,98.6,0.44
2020-05-12 12:30:00-05:00,3157,0.0,22.8,98.5,0.41
2020-05-12 13:30:00-05:00,3158,0.37627106532645993,23.9,98.5,0.4
2020-05-12 14:30:00-05:00,3159,1.4138981298093998,23.9,98.4,0.37
2020-05-12 15:30:00-05:00,3160,1.8403998727772,24.4,98.3,0.4
2020-05-12 16:30:00-05:00,3161,0.0,24.4,98.3,0.39
2020-05-12 17:30:00-05:00,3162,0.0,23.3,98.2,0.43
2020-05-12 18:30:00-05:00,3163,0.0,22.2,98.2,0.44
2020-05-12 19:30:00-05:00,3164,0.0,20.6,98.3,0.46
2020-05-12 20:30:00-05:00,3165,0.0,18.9,98.3,0.52
2020-05-12 21:30:00-05:00,3166,0.0,17.8,98.3,0.54
2020-05-12 22:30:00-05:00,3167,0.0,15.0,98.3,0.67
2020-05-12 23:30:00-05:00,3168,0.0,13.3,98.3,0.78
2020-05-13 00:30:00-05:00,3169,0.0,13.3,98.3,0.83
2020-05-13 01:30:00-05:00,3170,0.0,12.8,98.3,0.83
2020-05-13 02:30:00-05:00,3171,0.0,12.8,98.3,0.8
2020-05-13 03:30:00-05:00,3172,0.0,13.3,98.3,0.75
2020-05-13 04:30:00-05:00,3173,0.0,13.3,98.3,0.62
2020-05-13 05:30:00-05:00,3174,0.0,11.7,98.3,0.8
2020-05-13 06:30:00-05:00,3175,0.0,13.3,98.4,0.75
2020-05-13 07:30:00-05:00,3176,0.0,17.2,98.4,0.56
2020-05-13 08:30:00-05:00,3177,0.0,20.0,98.4,0.55
2020-05-13 09:30:00-05:00,3178,0.0,22.2,98.4,0.38
2020-05-13 10:30:00-05:00,3179,0.0,23.3,98.4,0.34
2020-05-13 11:30:00-05:00,3180,0.0,23.9,98.3,0.32
2020-05-13 12:30:00-05:00,3181,0.0,25.0,98.2,0.27
2020-05-13 13:30:00-05:00,3182,0.0,26.1,98.2,0.25
2020-05-13 14:30:00-05:00,3183,0.0,26.7,98.1,0.24
2020-05-13 15:30:00-05:00,3184,0.0,27.2,98.1,0.28
2020-05-13 16:30:00-05:00,3185,0.0,26.1,98.0,0.25
2020-05-13 17:30:00-05:00,3186,0.0,25.6,98.0,0.29
2020-05-13 18:30:00-05:00,3187,0.0,23.9,98.0,0.31
2020-05-13 19:30:00-05:00,3188,0.0,21.7,98.1,0.37
2020-05-13 20:30:00-05:00,3189,0.0,17.2,98.1,0.48
2020-05-13 21:30:00-05:00,3190,0.0,15.6,98.1,0.58
2020-05-13 22:30:00-05:00,3191,0.0,14.4,98.1,0.65
2020-05-13 23:30:00-05:00,3192,0.0,14.4,98.1,0.67
2020-05-14 00:30:00-05:00,3193,0.0,13.9,98.0,0.69
2020-05-14 01:30:00-05:00,3194,0.0,14.4,98.0,0.7
2020-05-14 02:30:00-05:00,3195,0.0,12.8,98.0,0.8
2020-05-14 03:30:00-05:00,3196,0.0,13.3,97.9,0.78
2020-05-14 04:30:00-05:00,3197,0.0,12.8,97.9,0.8
2020-05-14 05:30:00-05:00,3198,0.0,11.7,97.9,0.86
2020-05-14 06:30:00-05:00,3199,0.0,13.3,98.0,0.78
2020-05-14 07:30:00-05:00,3200,0.0,15.6,98.0,0.7
2020-05-14 08:30:00-05:00,3201,0.0,18.9,98.1,0.61
2020-05-14 09:30:00-05:00,3202,0.0,21.7,98.0,0.53
2020-05-14 10:30:00-05:00,3203,0.0,23.9,98.0,0.43
2020-05-14 11:30:00-05:00,3204,0.0,24.4,98.0,0.36
2020-05-14 12:30:00-05:00,3205,0.0,23.9,97.9,0.42
2020-05-14 13:30:00-05:00,3206,0.0,25.0,97.9,0.42
2020-05-14 14:30:00-05:00,3207,0.0,25.6,97.9,0.35
2020-05-14 15:30:00-05:00,3208,0.0,25.6,97.8,0.35
2020-05-14 16:30:00-05:00,3209,0.0,25.6,97.8,0.38
2020-05-14 17:30:00-05:00,3210,0.0,25.6,97.8,0.31
2020-05-14 18:30:00-05:00,3211,0.0,22.8,97.8,0.37
2020-05-14 19:30:00-05:00,3212,0.0,20.6,97.8,0.42
2020-05-14 20:30:00-05:00,3213,0.0,18.9,97.9,0.51
2020-05-14 21:30:00-05:00,3214,0.0,17.2,97.9,0.58
2020-05-14 22:30:00-05:00,3215,0.0,15.6,97.8,0.67
2020-05-14 23:30:00-05:00,3216,0.0,14.4,97.8,0.75
2020-05-15 00:30:00-05:00,3217,0.0,13.9,97.8,0.78
2020-05-15 01:30:00-05:00,3218,0.0,13.3,97.8,0.8
2020-05-15 02:30:00-05:00,3219,0.0,12.8,97.8,0.83
2020-05-15 03:30:00-05:00,3220,0.0,12.8,97.8,0.83
2020-05-15 04:30:00-05:00,3221,0.0,12.2,97.8,0.86
2020-05-15 05:30:00-05:00,3222,0.0,12.8,97.9,0.83
2020-05-15 06:30:00-05:00,3223,0.0,14.4,97.9,0.75
2020-05-15 07:30:00-05:00,3224,0.0,16.1,98.0,0.72
2020-05-15 08:30:00-05:00,3225,0.0,20.6,98.0,0.57
2020-05-15 09:30:00-05:00,3226,0.0,23.9,98.0,0.46
2020-05-15 10:30:00-05:00,3227,0.0,25.6,98.0,0.42
2020-05-15 11:30:00-05:00,3228,0.0,26.7,98.0,0.39
2020-05-15 12:30:00-05:00,3229,1.3101303405309999,27.8,97.9,0.37
2020-05-15 13:30:00-05:00,3230,2.8507752933812,28.3,97.9,0.33
2020-05-15 14:30:00-05:00,3231,4.857876549774,28.3,97.9,0.33
2020-05-15 15:30:00-05:00,3232,11.421886690633999,28.9,97.9,0.31
2020-05-15 16:30:00-05:00,3233,0.0,28.9,97.9,0.29
2020-05-15 17:30:00-05:00,3234,0.0,27.8,97.9,0.32
2020-05-15 18:30:00-05:00,3235,0.0,27.2,97.9,0.3
2020-05-15 19:30:00-05:00,3236,0.0,24.4,98.0,0.39
2020-05-15 20:30:00-05:00,3237,0.0,22.8,98.0,0.44
2020-05-15 21:30:00-05:00,3238,0.0,22.2,98.1,0.48
2020-05-15 22:30:00-05:00,3239,0.0,21.7,98.2,0.53
2020-05-15 23:30:00-05:00,3240,0.0,20.0,98.1,0.59
2020-05-16 00:30:00-05:00,3241,0.0,16.7,98.1,0.73
2020-05-16 01:30:00-05:00,3242,0.0,17.8,98.1,0.73
2020-05-16 02:30:00-05:00,3243,0.0,15.6,98.1,0.84
2020-05-16 03:30:00-05:00,3244,0.0,17.2,98.2,0.73
2020-05-16 04:30:00-05:00,3245,0.0,16.1,98.2,0.78
2020-05-16 05:30:00-05:00,3246,0.0,15.6,98.3,0.75
2020-05-16 06:30:00-05:00,3247,0.0,17.2,98.4,0.68
2020-05-16 07:30:00-05:00,3248,0.0,20.0,98.5,0.73
2020-05-16 08:30:00-05:00,3249,0.0,21.7,98.6,0.55
2020-05-16 09:30:00-05:00,3250,0.0,23.9,98.6,0.52
2020-05-16 10:30:00-05:00,3251,0.0,26.1,98.6,0.47
2020-05-16 11:30:00-05:00,3252,1.0399707991306,27.8,98.6,0.38
2020-05-16 12:30:00-05:00,3253,3.0578658377424,28.3,98.6,0.37
2020-05-16 13:30:00-05:00,3254,5.717564125008,28.3,98.5,0.34
2020-05-16 14:30:00-05:00,3255,15.434818364396001,29.4,98.5,0.33
2020-05-16 15:30:00-05:00,3256,22.142139345645997,29.4,98.4,0.3
2020-05-16 16:30:00-05:00,3257,0.0,28.9,98.4,0.32
2020-05-16 17:30:00-05:00,3258,0.0,28.3,98.4,0.32
2020-05-16 18:30:00-05:00,3259,0.0,27.8,98.4,0.34
2020-05-16 19:30:00-05:00,3260,0.0,24.4,98.4,0.45
2020-05-16 20:30:00-05:00,3261,0.0,23.3,98.5,0.5
2020-05-16 21:30:00-05:00,3262,0.0,23.3,98.5,0.5
2020-05-16 22:30:00-05:00,3263,0.0,21.7,98.5,0.55
2020-05-16 23:30:00-05:00,3264,0.0,20.0,98.5,0.61
2020-05-17 00:30:00-05:00,3265,0.0,18.9,98.6,0.63
2020-05-17 01:30:00-05:00,3266,0.0,18.9,98.5,0.59
2020-05-17 02:30:00-05:00,3267,0.0,16.7,98.6,0.67
2020-05-17 03:30:00-05:00,3268,0.0,16.1,98.6,0.7
2020-05-17 04:30:00-05:00,3269,0.0,16.7,98.7,0.67
2020-05-17 05:30:00-05:00,3270,0.0,16.7,98.7,0.67
2020-05-17 06:30:00-05:00,3271,0.0,17.2,98.8,0.68
2020-05-17 07:30:00-05:00,3272,0.0,19.4,98.8,0.61
2020-05-17 08:30:00-05:00,3273,0.0,22.2,98.8,0.57
2020-05-17 09:30:00-05:00,3274,0.0,24.4,98.8,0.5
2020-05-17 10:30:00-05:00,3275,0.1871308981505,26.1,98.8,0.47
2020-05-17 11:30:00-05:00,3276,1.466542118472,27.2,98.8,0.44
2020-05-17 12:30:00-05:00,3277,3.376131439562,28.3,98.7,0.38
2020-05-17 13:30:00-05:00,3278,11.672091472656,27.8,98.7,0.38
2020-05-17 14:30:00-05:00,3279,17.774381888969998,28.9,98.6,0.34
2020-05-17 15:30:00-05:00,3280,20.737616863888,28.3,98.5,0.36
2020-05-17 16:30:00-05:00,3281,0.0,28.9,98.5,0.36
2020-05-17 17:30:00-05:00,3282,0.0,28.3,98.4,0.34
2020-05-17 18:30:00-05:00,3283,0.0,26.7,98.5,0.38
2020-05-17 19:30:00-05:00,3284,0.0,25.0,98.5,0.45
2020-05-17 20:30:00-05:00,3285,0.0,25.0,98.5,0.47
2020-05-17 21:30:00-05:00,3286,0.0,21.7,98.5,0.57
2020-05-17 22:30:00-05:00,3287,0.0,20.6,98.5,0.59
2020-05-17 23:30:00-05:00,3288,0.0,20.6,98.5,0.59
2020-05-18 00:30:00-05:00,3289,0.0,18.3,98.5,0.65
2020-05-18 01:30:00-05:00,3290,0.0,18.3,98.5,0.65
2020-05-18 02:30:00-05:00,3291,0.0,17.8,98.5,0.7
2020-05-18 03:30:00-05:00,3292,0.0,16.7,98.5,0.75
2020-05-18 04:30:00-05:00,3293,0.0,16.7,98.5,0.75
2020-05-18 05:30:00-05:00,3294,0.0,15.6,98.5,0.84
2020-05-18 06:30:00-05:00,3295,0.0,18.3,98.6,0.7
2020-05-18 07:30:00-05:00,3296,0.0,22.2,98.6,0.57
2020-05-18 08:30:00-05:00,3297,0.0,24.4,98.7,0.54
2020-05-18 09:30:00-05:00,3298,0.0,25.6,98.7,0.47
2020-05-18 10:30:00-05:00,3299,0.9889056331113999,27.2,98.6,0.44
2020-05-18 11:30:00-05:00,3300,2.4247113504084,28.9,98.5,0.38
2020-05-18 12:30:00-05:00,3301,5.860372561888,28.9,98.5,0.37
2020-05-18 13:30:00-05:00,3302,13.987667054871999,28.3,98.4,0.37
2020-05-18 14:30:00-05:00,3303,20.40903229113,29.4,98.3,0.32
2020-05-18 15:30:00-05:00,3304,25.605930231195998,29.4,98.3,0.35
2020-05-18 16:30:00-05:00,3305,0.0,29.4,98.2,0.33
2020-05-18 17:30:00-05:00,3306,0.0,28.9,98.2,0.34
2020-05-18 18:30:00-05:00,3307,0.0,27.8,98.2,0.38
2020-05-18 19:30:00-05:00,3308,0.0,26.1,98.3,0.44
2020-05-18 20:30:00-05:00,3309,0.0,22.8,98.3,0.55
2020-05-18 21:30:00-05:00,3310,0.0,21.7,98.3,0.59
2020-05-18 22:30:00-05:00,3311,0.0,22.2,98.3,0.57
2020-05-18 23:30:00-05:00,3312,0.0,21.1,98.3,0.61
2020-05-19 00:30:00-05:00,3313,0.0,20.0,98.2,0.71
2020-05-19 01:30:00-05:00,3314,0.0,18.9,98.2,0.76
2020-05-19 02:30:00-05:00,3315,0.0,18.3,98.2,0.81
2020-05-19 03:30:00-05:00,3316,0.0,16.7,98.2,0.9
2020-05-19 04:30:00-05:00,3317,0.0,16.7,98.3,0.9
2020-05-19 05:30:00-05:00,3318,0.0,16.1,98.3,0.93
2020-05-19 06:30:00-05:00,3319,0.0,18.9,98.4,0.76
2020-05-19 07:30:00-05:00,3320,0.0,20.6,98.4,0.66
2020-05-19 08:30:00-05:00,3321,0.0,24.4,98.4,0.54
2020-05-19 09:30:00-05:00,3322,0.0,25.6,98.4,0.5
2020-05-19 10:30:00-05:00,3323,1.6363297165361999,27.8,98.4,0.46
2020-05-19 11:30:00-05:00,3324,2.967945538233,28.9,98.3,0.4
2020-05-19 12:30:00-05:00,3325,8.01553664867,30.0,98.3,0.33
2020-05-19 13:30:00-05:00,3326,19.107717290102,30.6,98.2,0.31
2020-05-19 14:30:00-05:00,3327,26.518361560151998,30.6,98.1,0.32
2020-05-19 15:30:00-05:00,3328,30.401402827456,30.6,98.1,0.35
2020-05-19 16:30:00-05:00,3329,0.0,30.6,98.0,0.34
2020-05-19 17:30:00-05:00,3330,0.0,29.4,98.0,0.37
2020-05-19 18:30:00-05:00,3331,0.0,28.3,98.1,0.38
2020-05-19 19:30:00-05:00,3332,0.0,25.6,98.1,0.44
2020-05-19 20:30:00-05:00,3333,0.0,23.9,98.1,0.46
2020-05-19 21:30:00-05:00,3334,0.0,22.2,98.1,0.51
2020-05-19 22:30:00-05:00,3335,0.0,20.6,98.1,0.61
2020-05-19 23:30:00-05:00,3336,0.0,20.0,98.1,0.63
2020-05-20 00:30:00-05:00,3337,0.0,18.9,98.1,0.7
2020-05-20 01:30:00-05:00,3338,0.0,17.8,98.1,0.73
2020-05-20 02:30:00-05:00,3339,0.0,17.2,98.1,0.78
2020-05-20 03:30:00-05:00,3340,0.0,17.2,98.1,0.78
2020-05-20 04:30:00-05:00,3341,0.0,17.2,98.0,0.78
2020-05-20 05:30:00-05:00,3342,0.0,18.3,98.1,0.75
2020-05-20 06:30:00-05:00,3343,0.0,18.3,98.2,0.73
2020-05-20 07:30:00-05:00,3344,0.0,20.6,98.2,0.66
2020-05-20 08:30:00-05:00,3345,0.0,23.9,98.2,0.56
2020-05-20 09:30:00-05:00,3346,0.0,26.1,98.2,0.5
2020-05-20 10:30:00-05:00,3347,0.0,27.8,98.2,0.44
2020-05-20 11:30:00-05:00,3348,0.0,28.9,98.2,0.43
2020-05-20 12:30:00-05:00,3349,0.711395628724,30.0,98.2,0.37
2020-05-20 13:30:00-05:00,3350,2.0335181640784,30.0,98.1,0.35
2020-05-20 14:30:00-05:00,3351,8.454183706002,29.4,98.0,0.36
2020-05-20 15:30:00-05:00,3352,0.0,26.7,98.0,0.49
2020-05-20 16:30:00-05:00,3353,0.0,26.1,97.9,0.42
2020-05-20 17:30:00-05:00,3354,0.0,25.6,98.0,0.49
2020-05-20 18:30:00-05:00,3355,0.0,21.1,98.1,0.76
2020-05-20 19:30:00-05:00,3356,0.0,20.6,98.1,0.79
2020-05-20 20:30:00-05:00,3357,0.0,20.6,98.1,0.73
2020-05-20 21:30:00-05:00,3358,0.0,20.6,98.2,0.73
2020-05-20 22:30:00-05:00,3359,0.0,18.9,98.2,0.73
2020-05-20 23:30:00-05:00,3360,0.0,18.3,98.2,0.78
2020-05-21 00:30:00-05:00,3361,0.0,17.2,98.2,0.84
2020-05-21 01:30:00-05:00,3362,0.0,16.7,98.2,0.87
2020-05-21 02:30:00-05:00,3363,0.0,16.1,98.1,0.9
2020-05-21 03:30:00-05:00,3364,0.0,16.1,98.1,0.93
2020-05-21 04:30:00-05:00,3365,0.0,16.1,98.2,0.93
2020-05-21 05:30:00-05:00,3366,0.0,16.1,98.3,0.93
2020-05-21 06:30:00-05:00,3367,0.0,16.7,98.3,0.9
2020-05-21 07:30:00-05:00,3368,0.0,18.3,98.4,0.84
2020-05-21 08:30:00-05:00,3369,0.0,20.0,98.4,0.81
2020-05-21 09:30:00-05:00,3370,0.0,21.7,98.4,0.76
2020-05-21 10:30:00-05:00,3371,0.0,23.3,98.4,0.69
2020-05-21 11:30:00-05:00,3372,0.0,25.6,98.3,0.62
2020-05-21 12:30:00-05:00,3373,0.0,26.1,98.3,0.58
2020-05-21 13:30:00-05:00,3374,0.0,25.6,98.3,0.6
2020-05-21 14:30:00-05:00,3375,0.0,26.1,98.3,0.56
2020-05-21 15:30:00-05:00,3376,0.0,26.7,98.2,0.52
2020-05-21 16:30:00-05:00,3377,0.0,26.7,98.2,0.54
2020-05-21 17:30:00-05:00,3378,0.0,25.6,98.2,0.56
2020-05-21 18:30:00-05:00,3379,0.0,23.9,98.2,0.62
2020-05-21 19:30:00-05:00,3380,0.0,22.2,98.3,0.71
2020-05-21 20:30:00-05:00,3381,0.0,21.1,98.3,0.73
2020-05-21 21:30:00-05:00,3382,0.0,21.1,98.4,0.76
2020-05-21 22:30:00-05:00,3383,0.0,20.6,98.4,0.79
2020-05-21 23:30:00-05:00,3384,0.0,20.6,98.4,0.79
2020-05-22 00:30:00-05:00,3385,0.0,20.0,98.3,0.81
2020-05-22 01:30:00-05:00,3386,0.0,18.9,98.3,0.87
2020-05-22 02:30:00-05:00,3387,0.0,17.8,98.3,0.9
2020-05-22 03:30:00-05:00,3388,0.0,17.2,98.4,0.93
2020-05-22 04:30:00-05:00,3389,0.0,17.2,98.4,0.93
2020-05-22 05:30:00-05:00,3390,0.0,16.7,98.5,1.0
2020-05-22 06:30:00-05:00,3391,0.0,17.2,98.5,1.0
2020-05-22 07:30:00-05:00,3392,0.0,18.9,98.5,0.9
2020-05-22 08:30:00-05:00,3393,0.0,20.6,98.6,0.84
2020-05-22 09:30:00-05:00,3394,0.0,22.8,98.6,0.74
2020-05-22 10:30:00-05:00,3395,0.0,24.4,98.6,0.62
2020-05-22 11:30:00-05:00,3396,0.6084532098234,25.0,98.6,0.6
2020-05-22 12:30:00-05:00,3397,2.5539378334862,26.1,98.5,0.54
2020-05-22 13:30:00-05:00,3398,3.6841998355228,26.7,98.5,0.52
2020-05-22 14:30:00-05:00,3399,9.209320734814,27.2,98.4,0.47
2020-05-22 15:30:00-05:00,3400,12.024379357094,27.2,98.4,0.42
2020-05-22 16:30:00-05:00,3401,0.0,22.8,98.4,0.71
2020-05-22 17:30:00-05:00,3402,0.0,21.1,98.5,0.76
2020-05-22 18:30:00-05:00,3403,0.0,21.1,98.5,0.71
2020-05-22 19:30:00-05:00,3404,0.0,20.0,98.4,0.76
2020-05-22 20:30:00-05:00,3405,0.0,20.0,98.4,0.78
2020-05-22 21:30:00-05:00,3406,0.0,18.9,98.5,0.84
2020-05-22 22:30:00-05:00,3407,0.0,18.3,98.5,0.84
2020-05-22 23:30:00-05:00,3408,0.0,18.3,98.4,0.84
2020-05-23 00:30:00-05:00,3409,0.0,17.2,98.4,0.93
2020-05-23 01:30:00-05:00,3410,0.0,16.7,98.4,0.93
2020-05-23 02:30:00-05:00,3411,0.0,16.7,98.4,0.93
2020-05-23 03:30:00-05:00,3412,0.0,16.7,98.5,0.93
2020-05-23 04:30:00-05:00,3413,0.0,17.2,98.5,0.93
2020-05-23 05:30:00-05:00,3414,0.0,17.2,98.6,0.93
2020-05-23 06:30:00-05:00,3415,0.0,18.3,98.6,0.9
2020-05-23 07:30:00-05:00,3416,0.0,19.4,98.7,0.87
2020-05-23 08:30:00-05:00,3417,0.0,21.1,98.7,0.81
2020-05-23 09:30:00-05:00,3418,0.0,21.1,98.7,0.81
2020-05-23 10:30:00-05:00,3419,0.0,23.3,98.6,0.71
2020-05-23 11:30:00-05:00,3420,0.16040685041204,25.6,98.5,0.6
2020-05-23 12:30:00-05:00,3421,2.104092455249,26.1,98.5,0.54
2020-05-23 13:30:00-05:00,3422,2.520795201312,22.8,98.4,0.82
2020-05-23 14:30:00-05:00,3423,2.9627349202222,27.2,98.3,0.53
2020-05-23 15:30:00-05:00,3424,3.6361024234514,26.7,98.2,0.54
2020-05-23 16:30:00-05:00,3425,0.0,27.2,98.2,0.49
2020-05-23 17:30:00-05:00,3426,0.0,25.0,98.2,0.5
2020-05-23 18:30:00-05:00,3427,0.0,23.9,98.2,0.52
2020-05-23 19:30:00-05:00,3428,0.0,21.7,98.3,0.59
2020-05-23 20:30:00-05:00,3429,0.0,21.7,98.4,0.59
2020-05-23 21:30:00-05:00,3430,0.0,20.6,98.4,0.71
2020-05-23 22:30:00-05:00,3431,0.0,20.0,98.4,0.68
2020-05-23 23:30:00-05:00,3432,0.0,20.0,98.4,0.68
2020-05-24 00:30:00-05:00,3433,0.0,18.3,98.3,0.7
2020-05-24 01:30:00-05:00,3434,0.0,18.3,98.3,0.78
2020-05-24 02:30:00-05:00,3435,0.0,18.3,98.3,0.78
2020-05-24 03:30:00-05:00,3436,0.0,17.8,98.3,0.84
2020-05-24 04:30:00-05:00,3437,0.0,17.8,98.3,0.87
2020-05-24 05:30:00-05:00,3438,0.0,18.3,98.3,0.87
2020-05-24 06:30:00-05:00,3439,0.0,18.9,98.4,0.81
2020-05-24 07:30:00-05:00,3440,0.0,18.9,98.4,0.78
2020-05-24 08:30:00-05:00,3441,0.0,17.2,98.4,0.9
2020-05-24 09:30:00-05:00,3442,0.0,18.3,98.4,0.87
2020-05-24 10:30:00-05:00,3443,0.0,18.3,98.4,0.87
2020-05-24 11:30:00-05:00,3444,0.0,18.9,98.4,0.87
2020-05-24 12:30:00-05:00,3445,0.0,18.9,98.3,0.87
2020-05-24 13:30:00-05:00,3446,0.0,18.9,98.3,0.87
2020-05-24 14:30:00-05:00,3447,0.0,18.3,98.3,0.93
2020-05-24 15:30:00-05:00,3448,0.0,18.3,98.2,0.93
2020-05-24 16:30:00-05:00,3449,0.0,19.4,98.2,0.87
2020-05-24 17:30:00-05:00,3450,0.0,19.4,98.1,0.84
2020-05-24 18:30:00-05:00,3451,0.0,19.4,98.1,0.84
2020-05-24 19:30:00-05:00,3452,0.0,19.4,98.1,0.84
2020-05-24 20:30:00-05:00,3453,0.0,18.9,98.1,0.87
2020-05-24 21:30:00-05:00,3454,0.0,18.3,98.1,0.9
2020-05-24 22:30:00-05:00,3455,0.0,17.8,98.1,0.9
2020-05-24 23:30:00-05:00,3456,0.0,17.2,98.1,0.9
2020-05-25 00:30:00-05:00,3457,0.0,16.7,98.1,0.93
2020-05-25 01:30:00-05:00,3458,0.0,17.2,98.0,0.97
2020-05-25 02:30:00-05:00,3459,0.0,16.7,98.0,1.0
2020-05-25 03:30:00-05:00,3460,0.0,16.7,98.0,1.0
2020-05-25 04:30:00-05:00,3461,0.0,16.7,98.0,0.97
2020-05-25 05:30:00-05:00,3462,0.0,16.7,97.9,0.97
2020-05-25 06:30:00-05:00,3463,0.0,17.2,98.0,0.93
2020-05-25 07:30:00-05:00,3464,0.0,17.8,98.0,0.9
2020-05-25 08:30:00-05:00,3465,0.0,18.3,98.0,0.87
2020-05-25 09:30:00-05:00,3466,0.0,20.0,98.0,0.81
2020-05-25 10:30:00-05:00,3467,0.0,20.0,98.0,0.84
2020-05-25 11:30:00-05:00,3468,0.0,20.0,97.9,0.84
2020-05-25 12:30:00-05:00,3469,0.0,20.6,97.9,0.84
2020-05-25 13:30:00-05:00,3470,0.0,20.0,97.8,0.87
2020-05-25 14:30:00-05:00,3471,0.0014095393364349999,20.6,97.7,0.84
2020-05-25 15:30:00-05:00,3472,0.11933343065805999,21.1,97.6,0.81
2020-05-25 16:30:00-05:00,3473,0.0,21.1,97.6,0.81
2020-05-25 17:30:00-05:00,3474,0.0,21.1,97.6,0.81
2020-05-25 18:30:00-05:00,3475,0.0,20.6,97.6,0.84
2020-05-25 19:30:00-05:00,3476,0.0,20.0,97.6,0.87
2020-05-25 20:30:00-05:00,3477,0.0,18.9,97.6,0.9
2020-05-25 21:30:00-05:00,3478,0.0,18.9,97.6,0.9
2020-05-25 22:30:00-05:00,3479,0.0,20.0,97.6,0.9
2020-05-25 23:30:00-05:00,3480,0.0,19.4,97.6,0.9
2020-05-26 00:30:00-05:00,3481,0.0,19.4,97.6,0.93
2020-05-26 01:30:00-05:00,3482,0.0,18.3,97.5,0.97
2020-05-26 02:30:00-05:00,3483,0.0,18.3,97.5,0.97
2020-05-26 03:30:00-05:00,3484,0.0,18.3,97.4,0.97
2020-05-26 04:30:00-05:00,3485,0.0,18.9,97.5,0.97
2020-05-26 05:30:00-05:00,3486,0.0,18.9,97.5,0.97
2020-05-26 06:30:00-05:00,3487,0.0,20.0,97.5,0.9
2020-05-26 07:30:00-05:00,3488,0.0,20.0,97.6,0.9
2020-05-26 08:30:00-05:00,3489,0.0,20.6,97.6,0.87
2020-05-26 09:30:00-05:00,3490,0.0,23.3,97.5,0.79
2020-05-26 10:30:00-05:00,3491,0.0,22.8,97.6,0.76
2020-05-26 11:30:00-05:00,3492,0.04971016305546,23.9,97.5,0.71
2020-05-26 12:30:00-05:00,3493,1.8609154480305998,25.0,97.4,0.67
2020-05-26 13:30:00-05:00,3494,2.9105605226813998,25.6,97.3,0.6
2020-05-26 14:30:00-05:00,3495,3.7738226330815996,26.7,97.3,0.58
2020-05-26 15:30:00-05:00,3496,9.843347736918,28.3,97.2,0.53
2020-05-26 16:30:00-05:00,3497,0.0,25.6,97.2,0.6
2020-05-26 17:30:00-05:00,3498,0.0,20.0,97.3,0.87
2020-05-26 18:30:00-05:00,3499,0.0,18.9,97.3,0.93
2020-05-26 19:30:00-05:00,3500,0.0,18.3,97.4,0.97
2020-05-26 20:30:00-05:00,3501,0.0,18.3,97.4,0.97
2020-05-26 21:30:00-05:00,3502,0.0,18.3,97.4,0.97
2020-05-26 22:30:00-05:00,3503,0.0,17.2,97.4,0.97
2020-05-26 23:30:00-05:00,3504,0.0,17.2,97.4,0.97
2020-05-27 00:30:00-05:00,3505,0.0,17.2,97.4,1.0
2020-05-27 01:30:00-05:00,3506,0.0,17.2,97.4,1.0
2020-05-27 02:30:00-05:00,3507,0.0,17.2,97.4,1.0
2020-05-27 03:30:00-05:00,3508,0.0,17.8,97.5,1.0
2020-05-27 04:30:00-05:00,3509,0.0,17.2,97.5,1.0
2020-05-27 05:30:00-05:00,3510,0.0,17.8,97.5,0.97
2020-05-27 06:30:00-05:00,3511,0.0,17.8,97.5,0.97
2020-05-27 07:30:00-05:00,3512,0.0,17.8,97.6,0.97
2020-05-27 08:30:00-05:00,3513,0.0,18.3,97.6,0.93
2020-05-27 09:30:00-05:00,3514,0.0,19.4,97.6,0.87
2020-05-27 10:30:00-05:00,3515,0.0,20.0,97.6,0.84
2020-05-27 11:30:00-05:00,3516,0.0,21.1,97.5,0.79
2020-05-27 12:30:00-05:00,3517,0.0,23.3,97.5,0.71
2020-05-27 13:30:00-05:00,3518,0.0,24.4,97.4,0.64
2020-05-27 14:30:00-05:00,3519,0.0,25.0,97.4,0.6
2020-05-27 15:30:00-05:00,3520,0.0,25.6,97.3,0.58
2020-05-27 16:30:00-05:00,3521,0.0,23.3,97.3,0.76
2020-05-27 17:30:00-05:00,3522,0.0,22.8,97.2,0.71
2020-05-27 18:30:00-05:00,3523,0.0,22.8,97.3,0.71
2020-05-27 19:30:00-05:00,3524,0.0,21.7,97.3,0.76
2020-05-27 20:30:00-05:00,3525,0.0,21.1,97.3,0.81
2020-05-27 21:30:00-05:00,3526,0.0,20.0,97.3,0.87
2020-05-27 22:30:00-05:00,3527,0.0,19.4,97.3,0.87
2020-05-27 23:30:00-05:00,3528,0.0,18.3,97.3,0.87
2020-05-28 00:30:00-05:00,3529,0.0,18.3,97.3,0.87
2020-05-28 01:30:00-05:00,3530,0.0,17.8,97.3,0.9
2020-05-28 02:30:00-05:00,3531,0.0,17.2,97.3,0.93
2020-05-28 03:30:00-05:00,3532,0.0,17.2,97.3,0.93
2020-05-28 04:30:00-05:00,3533,0.0,18.3,97.3,0.9
2020-05-28 05:30:00-05:00,3534,0.0,17.8,97.3,0.93
2020-05-28 06:30:00-05:00,3535,0.0,18.3,97.4,0.93
2020-05-28 07:30:00-05:00,3536,0.0,20.0,97.4,0.84
2020-05-28 08:30:00-05:00,3537,0.0,21.1,97.4,0.81
2020-05-28 09:30:00-05:00,3538,0.0,23.3,97.4,0.74
2020-05-28 10:30:00-05:00,3539,0.0,25.0,97.4,0.67
2020-05-28 11:30:00-05:00,3540,0.0,25.6,97.3,0.58
2020-05-28 12:30:00-05:00,3541,0.0,26.7,97.2,0.54
2020-05-28 13:30:00-05:00,3542,0.0,26.1,97.1,0.56
2020-05-28 14:30:00-05:00,3543,0.0,26.7,97.1,0.54
2020-05-28 15:30:00-05:00,3544,0.0,27.2,97.0,0.49
2020-05-28 16:30:00-05:00,3545,0.0,21.7,97.1,0.73
2020-05-28 17:30:00-05:00,3546,0.0,22.8,97.1,0.71
2020-05-28 18:30:00-05:00,3547,0.0,22.2,97.1,0.76
2020-05-28 19:30:00-05:00,3548,0.0,20.6,97.1,0.81
2020-05-28 20:30:00-05:00,3549,0.0,20.6,97.2,0.81
2020-05-28 21:30:00-05:00,3550,0.0,20.0,97.3,0.84
2020-05-28 22:30:00-05:00,3551,0.0,20.0,97.3,0.84
2020-05-28 23:30:00-05:00,3552,0.0,19.4,97.3,0.84
2020-05-29 00:30:00-05:00,3553,0.0,18.9,97.2,0.87
2020-05-29 01:30:00-05:00,3554,0.0,18.3,97.2,0.9
2020-05-29 02:30:00-05:00,3555,0.0,18.3,97.2,0.9
2020-05-29 03:30:00-05:00,3556,0.0,18.3,97.3,0.93
2020-05-29 04:30:00-05:00,3557,0.0,17.2,97.3,0.97
2020-05-29 05:30:00-05:00,3558,0.0,17.8,97.4,0.93
2020-05-29 06:30:00-05:00,3559,0.0,18.3,97.5,0.93
2020-05-29 07:30:00-05:00,3560,0.0,20.0,97.5,0.84
2020-05-29 08:30:00-05:00,3561,0.0,21.7,97.5,0.79
2020-05-29 09:30:00-05:00,3562,0.0,25.0,97.6,0.64
2020-05-29 10:30:00-05:00,3563,0.0,26.7,97.6,0.56
2020-05-29 11:30:00-05:00,3564,0.0,27.8,97.5,0.51
2020-05-29 12:30:00-05:00,3565,0.0,28.9,97.5,0.48
2020-05-29 13:30:00-05:00,3566,0.0,28.3,97.5,0.49
2020-05-29 14:30:00-05:00,3567,0.0,29.4,97.4,0.46
2020-05-29 15:30:00-05:00,3568,0.0,30.0,97.4,0.43
2020-05-29 16:30:00-05:00,3569,0.0,30.0,97.4,0.43
2020-05-29 17:30:00-05:00,3570,0.0,29.4,97.4,0.43
2020-05-29 18:30:00-05:00,3571,0.0,27.8,97.4,0.49
2020-05-29 19:30:00-05:00,3572,0.0,27.2,97.5,0.51
2020-05-29 20:30:00-05:00,3573,0.0,23.3,97.6,0.69
2020-05-29 21:30:00-05:00,3574,0.0,22.8,97.7,0.71
2020-05-29 22:30:00-05:00,3575,0.0,22.2,97.7,0.73
2020-05-29 23:30:00-05:00,3576,0.0,21.1,97.7,0.76
2020-05-30 00:30:00-05:00,3577,0.0,20.6,97.7,0.79
2020-05-30 01:30:00-05:00,3578,0.0,21.1,97.6,0.76
2020-05-30 02:30:00-05:00,3579,0.0,20.0,97.6,0.81
2020-05-30 03:30:00-05:00,3580,0.0,20.0,97.6,0.81
2020-05-30 04:30:00-05:00,3581,0.0,18.3,97.7,0.9
2020-05-30 05:30:00-05:00,3582,0.0,20.6,97.8,0.79
2020-05-30 06:30:00-05:00,3583,0.0,21.7,97.8,0.79
2020-05-30 07:30:00-05:00,3584,0.0,23.9,97.9,0.64
2020-05-30 08:30:00-05:00,3585,0.0,26.7,98.0,0.58
2020-05-30 09:30:00-05:00,3586,0.5463275360626,27.8,98.0,0.56
2020-05-30 10:30:00-05:00,3587,2.8840286502746,28.9,98.0,0.51
2020-05-30 11:30:00-05:00,3588,4.879771365302,29.4,97.9,0.49
2020-05-30 12:30:00-05:00,3589,18.756102878562,29.4,97.9,0.46
2020-05-30 13:30:00-05:00,3590,28.801340686127997,30.6,97.8,0.43
2020-05-30 14:30:00-05:00,3591,35.41189596162,30.6,97.8,0.45
2020-05-30 15:30:00-05:00,3592,32.902811115085996,27.8,97.8,0.58
2020-05-30 16:30:00-05:00,3593,0.0,28.3,97.8,0.57
2020-05-30 17:30:00-05:00,3594,0.0,27.8,97.8,0.63
2020-05-30 18:30:00-05:00,3595,0.0,25.6,97.8,0.71
2020-05-30 19:30:00-05:00,3596,0.0,25.0,97.9,0.76
2020-05-30 20:30:00-05:00,3597,0.0,23.9,97.9,0.79
2020-05-30 21:30:00-05:00,3598,0.0,22.2,98.0,0.9
2020-05-30 22:30:00-05:00,3599,0.0,22.8,98.1,0.84
2020-05-30 23:30:00-05:00,3600,0.0,22.2,98.1,0.87
2020-05-31 00:30:00-05:00,3601,0.0,21.7,98.0,0.87
2020-05-31 01:30:00-05:00,3602,0.0,21.1,98.0,0.9
2020-05-31 02:30:00-05:00,3603,0.0,21.1,98.0,0.9
2020-05-31 03:30:00-05:00,3604,0.0,20.0,98.0,0.93
2020-05-31 04:30:00-05:00,3605,0.0,20.0,98.0,0.9
2020-05-31 05:30:00-05:00,3606,0.0,19.4,98.0,0.93
2020-05-31 06:30:00-05:00,3607,0.0,19.4,98.1,0.93
2020-05-31 07:30:00-05:00,3608,0.0,20.0,98.1,0.9
2020-05-31 08:30:00-05:00,3609,0.0,22.8,98.0,0.82
2020-05-31 09:30:00-05:00,3610,0.0,24.4,98.0,0.74
2020-05-31 10:30:00-05:00,3611,1.2706378057226,26.1,98.0,0.67
2020-05-31 11:30:00-05:00,3612,2.9206747822428,27.8,98.0,0.58
2020-05-31 12:30:00-05:00,3613,8.399824266342,28.3,98.0,0.59
2020-05-31 13:30:00-05:00,3614,23.474593527918,28.9,97.9,0.55
2020-05-31 14:30:00-05:00,3615,27.876795981841997,28.9,97.9,0.53
2020-05-31 15:30:00-05:00,3616,25.847675837283997,28.9,97.8,0.53
2020-05-31 16:30:00-05:00,3617,0.0,24.4,97.8,0.6
2020-05-31 17:30:00-05:00,3618,0.0,26.1,97.7,0.5
2020-05-31 18:30:00-05:00,3619,0.0,23.9,97.7,0.6
2020-05-31 19:30:00-05:00,3620,0.0,22.2,97.7,0.68
2020-05-31 20:30:00-05:00,3621,0.0,22.2,97.7,0.73
2020-05-31 21:30:00-05:00,3622,0.0,21.8,97.8,0.76
2020-05-31 22:30:00-05:00,3623,0.0,21.4,97.8,0.79
2020-05-31 23:30:00-05:00,3624,0.0,21.0,97.8,0.81
2020-06-01 00:30:00-05:00,3625,0.0,20.6,97.7,0.78
2020-06-01 01:30:00-05:00,3626,0.0,20.2,97.7,0.84
2020-06-01 02:30:00-05:00,3627,0.0,19.8,97.6,0.84
2020-06-01 03:30:00-05:00,3628,0.0,19.4,97.6,0.84
2020-06-01 04:30:00-05:00,3629,0.0,19.4,97.6,0.87
2020-06-01 05:30:00-05:00,3630,0.0,18.9,97.6,0.9
2020-06-01 06:30:00-05:00,3631,0.0,20.6,97.6,0.84
2020-06-01 07:30:00-05:00,3632,0.0,22.2,97.7,0.79
2020-06-01 08:30:00-05:00,3633,0.0,23.9,97.7,0.71
2020-06-01 09:30:00-05:00,3634,1.5782722020114,25.6,97.7,0.64
2020-06-01 10:30:00-05:00,3635,3.539748614844,26.7,97.7,0.52
2020-06-01 11:30:00-05:00,3636,5.139666018504,28.3,97.6,0.46
2020-06-01 12:30:00-05:00,3637,21.7896091498,29.4,97.6,0.41
2020-06-01 13:30:00-05:00,3638,30.695201025253997,29.4,97.5,0.4
2020-06-01 14:30:00-05:00,3639,34.33001602815,29.4,97.5,0.37
2020-06-01 15:30:00-05:00,3640,35.256227267162004,29.4,97.4,0.41
2020-06-01 16:30:00-05:00,3641,7.944040930789999,29.4,97.3,0.41
2020-06-01 17:30:00-05:00,3642,7.8805335034079995,28.9,97.3,0.4
2020-06-01 18:30:00-05:00,3643,0.0,27.8,97.3,0.44
2020-06-01 19:30:00-05:00,3644,0.0,25.0,97.4,0.47
2020-06-01 20:30:00-05:00,3645,0.0,23.9,97.4,0.52
2020-06-01 21:30:00-05:00,3646,0.0,22.8,97.5,0.55
2020-06-01 22:30:00-05:00,3647,0.0,22.2,97.5,0.57
2020-06-01 23:30:00-05:00,3648,0.0,21.7,97.5,0.59
2020-06-02 00:30:00-05:00,3649,0.0,20.0,97.5,0.63
2020-06-02 01:30:00-05:00,3650,0.0,18.9,97.5,0.68
2020-06-02 02:30:00-05:00,3651,0.0,16.7,97.4,0.78
2020-06-02 03:30:00-05:00,3652,0.0,16.1,97.5,0.81
2020-06-02 04:30:00-05:00,3653,0.0,15.0,97.5,0.87
2020-06-02 05:30:00-05:00,3654,0.0,16.1,97.5,0.81
2020-06-02 06:30:00-05:00,3655,0.0,18.9,97.6,0.65
2020-06-02 07:30:00-05:00,3656,0.0,22.2,97.6,0.53
2020-06-02 08:30:00-05:00,3657,0.33774108920646,23.9,97.7,0.46
2020-06-02 09:30:00-05:00,3658,2.2567053777766,25.6,97.7,0.44
2020-06-02 10:30:00-05:00,3659,3.6841301735465994,26.7,97.7,0.38
2020-06-02 11:30:00-05:00,3660,6.514513014037999,25.6,97.7,0.38
2020-06-02 12:30:00-05:00,3661,13.320618193064,25.0,97.7,0.43
2020-06-02 13:30:00-05:00,3662,21.703900122971998,27.8,97.6,0.35
2020-06-02 14:30:00-05:00,3663,28.381177888692,27.2,97.6,0.37
2020-06-02 15:30:00-05:00,3664,28.45207505854,27.2,97.6,0.38
2020-06-02 16:30:00-05:00,3665,6.610295826312,27.8,97.6,0.37
2020-06-02 17:30:00-05:00,3666,0.0,26.7,97.6,0.39
2020-06-02 18:30:00-05:00,3667,0.0,26.1,97.6,0.41
2020-06-02 19:30:00-05:00,3668,0.0,23.3,97.7,0.46
2020-06-02 20:30:00-05:00,3669,0.0,20.6,97.7,0.57
2020-06-02 21:30:00-05:00,3670,0.0,20.0,97.8,0.61
2020-06-02 22:30:00-05:00,3671,0.0,21.1,97.8,0.59
2020-06-02 23:30:00-05:00,3672,0.0,20.0,97.8,0.63
2020-06-03 00:30:00-05:00,3673,0.0,18.9,97.8,0.68
2020-06-03 01:30:00-05:00,3674,0.0,19.4,97.8,0.66
2020-06-03 02:30:00-05:00,3675,0.0,16.1,97.8,0.81
2020-06-03 03:30:00-05:00,3676,0.0,17.2,97.8,0.75
2020-06-03 04:30:00-05:00,3677,0.0,15.6,97.9,0.84
2020-06-03 05:30:00-05:00,3678,0.0,18.3,97.9,0.7
2020-06-03 06:30:00-05:00,3679,0.0,20.6,98.0,0.66
2020-06-03 07:30:00-05:00,3680,0.0,23.9,98.1,0.54
2020-06-03 08:30:00-05:00,3681,0.0,25.6,98.2,0.49
2020-06-03 09:30:00-05:00,3682,0.22360351883017998,27.2,98.2,0.42
2020-06-03 10:30:00-05:00,3683,1.7004670085709999,27.2,98.2,0.42
2020-06-03 11:30:00-05:00,3684,2.2062451099655997,28.3,98.2,0.36
2020-06-03 12:30:00-05:00,3685,8.293807512682,28.9,98.1,0.38
2020-06-03 13:30:00-05:00,3686,16.942405879741997,29.4,98.1,0.36
2020-06-03 14:30:00-05:00,3687,22.601037346448,30.0,98.1,0.35
2020-06-03 15:30:00-05:00,3688,9.161547204544,30.0,98.1,0.33
2020-06-03 16:30:00-05:00,3689,8.04988189018,29.4,98.0,0.35
2020-06-03 17:30:00-05:00,3690,7.228809931133999,29.4,98.1,0.35
2020-06-03 18:30:00-05:00,3691,0.0,27.8,98.1,0.37
2020-06-03 19:30:00-05:00,3692,0.0,25.0,98.1,0.43
2020-06-03 20:30:00-05:00,3693,0.0,23.3,98.2,0.5
2020-06-03 21:30:00-05:00,3694,0.0,20.6,98.2,0.57
2020-06-03 22:30:00-05:00,3695,0.0,22.2,98.3,0.51
2020-06-03 23:30:00-05:00,3696,0.0,22.2,98.3,0.53
2020-06-04 00:30:00-05:00,3697,0.0,21.1,98.3,0.55
2020-06-04 01:30:00-05:00,3698,0.0,21.1,98.3,0.55
2020-06-04 02:30:00-05:00,3699,0.0,20.6,98.3,0.57
2020-06-04 03:30:00-05:00,3700,0.0,20.0,98.3,0.59
2020-06-04 04:30:00-05:00,3701,0.0,19.4,98.3,0.63
2020-06-04 05:30:00-05:00,3702,0.0,20.6,98.4,0.59
2020-06-04 06:30:00-05:00,3703,0.0,20.0,98.4,0.63
2020-06-04 07:30:00-05:00,3704,0.0,22.2,98.4,0.59
2020-06-04 08:30:00-05:00,3705,0.0,24.4,98.5,0.56
2020-06-04 09:30:00-05:00,3706,0.0,26.7,98.5,0.51
2020-06-04 10:30:00-05:00,3707,0.0,29.4,98.4,0.43
2020-06-04 11:30:00-05:00,3708,0.0,29.4,98.4,0.39
2020-06-04 12:30:00-05:00,3709,0.0,30.6,98.4,0.35
2020-06-04 13:30:00-05:00,3710,0.0,30.6,98.3,0.35
2020-06-04 14:30:00-05:00,3711,9.50696120594,31.1,98.3,0.33
2020-06-04 15:30:00-05:00,3712,11.756137108346,31.1,98.2,0.33
2020-06-04 16:30:00-05:00,3713,19.987497765134002,31.7,98.2,0.33
2020-06-04 17:30:00-05:00,3714,13.580470466576001,30.6,98.2,0.35
2020-06-04 18:30:00-05:00,3715,8.303951770229999,29.4,98.2,0.37
2020-06-04 19:30:00-05:00,3716,0.0,27.8,98.2,0.43
2020-06-04 20:30:00-05:00,3717,0.0,25.6,98.2,0.52
2020-06-04 21:30:00-05:00,3718,0.0,24.4,98.3,0.58
2020-06-04 22:30:00-05:00,3719,0.0,22.8,98.3,0.64
2020-06-04 23:30:00-05:00,3720,0.0,23.3,98.3,0.62
2020-06-05 00:30:00-05:00,3721,0.0,22.2,98.3,0.66
2020-06-05 01:30:00-05:00,3722,0.0,21.1,98.3,0.71
2020-06-05 02:30:00-05:00,3723,0.0,21.7,98.3,0.68
2020-06-05 03:30:00-05:00,3724,0.0,21.1,98.2,0.71
2020-06-05 04:30:00-05:00,3725,0.0,19.4,98.2,0.78
2020-06-05 05:30:00-05:00,3726,0.0,19.4,98.2,0.78
2020-06-05 06:30:00-05:00,3727,0.0,20.6,98.2,0.76
2020-06-05 07:30:00-05:00,3728,0.028544786643743998,23.3,98.2,0.64
2020-06-05 08:30:00-05:00,3729,2.3346782995942,26.1,98.2,0.56
2020-06-05 09:30:00-05:00,3730,4.4543835206699995,28.9,98.2,0.48
2020-06-05 10:30:00-05:00,3731,17.652164640947998,30.0,98.2,0.4
2020-06-05 11:30:00-05:00,3732,29.003238903026,30.6,98.2,0.36
2020-06-05 12:30:00-05:00,3733,39.66143962102,31.7,98.1,0.35
2020-06-05 13:30:00-05:00,3734,46.79568589958,31.7,98.0,0.35
2020-06-05 14:30:00-05:00,3735,51.13409599684,31.7,97.9,0.35
2020-06-05 15:30:00-05:00,3736,54.98956256003999,32.2,97.8,0.33
2020-06-05 16:30:00-05:00,3737,27.736449914675998,32.2,97.8,0.33
2020-06-05 17:30:00-05:00,3738,20.118107005166,31.1,97.8,0.36
2020-06-05 18:30:00-05:00,3739,18.496897448992,29.4,97.7,0.4
2020-06-05 19:30:00-05:00,3740,3.2653116086268,27.2,97.7,0.46
2020-06-05 20:30:00-05:00,3741,0.0,23.9,97.7,0.58
2020-06-05 21:30:00-05:00,3742,0.0,22.2,97.7,0.64
2020-06-05 22:30:00-05:00,3743,0.0,20.6,97.7,0.71
2020-06-05 23:30:00-05:00,3744,0.0,19.4,97.7,0.73
2020-06-06 00:30:00-05:00,3745,0.0,18.3,97.6,0.78
2020-06-06 01:30:00-05:00,3746,0.0,18.3,97.5,0.75
2020-06-06 02:30:00-05:00,3747,0.0,19.4,97.5,0.66
2020-06-06 03:30:00-05:00,3748,0.0,18.9,97.5,0.68
2020-06-06 04:30:00-05:00,3749,0.0,18.9,97.4,0.7
2020-06-06 05:30:00-05:00,3750,0.0,18.9,97.4,0.7
2020-06-06 06:30:00-05:00,3751,0.0,21.1,97.4,0.57
2020-06-06 07:30:00-05:00,3752,0.0,23.9,97.4,0.6
2020-06-06 08:30:00-05:00,3753,1.9876330218406,26.1,97.3,0.56
2020-06-06 09:30:00-05:00,3754,4.163149610903999,28.9,97.3,0.53
2020-06-06 10:30:00-05:00,3755,15.576448586842,31.1,97.2,0.47
2020-06-06 11:30:00-05:00,3756,33.651321374742,32.8,97.1,0.41
2020-06-06 12:30:00-05:00,3757,47.38129250376,33.3,97.0,0.38
2020-06-06 13:30:00-05:00,3758,55.000723689759994,33.9,97.0,0.36
2020-06-06 14:30:00-05:00,3759,61.204162179159994,34.4,96.8,0.36
2020-06-06 15:30:00-05:00,3760,64.02056194,33.9,96.7,0.36
2020-06-06 16:30:00-05:00,3761,31.365122371889996,33.9,96.5,0.34
2020-06-06 17:30:00-05:00,3762,22.81754500337,32.8,96.7,0.35
2020-06-06 18:30:00-05:00,3763,11.878207119629998,27.8,96.9,0.41
2020-06-06 19:30:00-05:00,3764,0.0,20.0,96.9,0.84
2020-06-06 20:30:00-05:00,3765,0.0,20.0,97.0,0.87
2020-06-06 21:30:00-05:00,3766,0.0,20.0,96.9,0.9
2020-06-06 22:30:00-05:00,3767,0.0,20.6,96.9,0.87
2020-06-06 23:30:00-05:00,3768,0.0,20.0,97.0,0.87
2020-06-07 00:30:00-05:00,3769,0.0,18.9,97.0,0.87
2020-06-07 01:30:00-05:00,3770,0.0,17.8,97.0,0.81
2020-06-07 02:30:00-05:00,3771,0.0,16.1,97.0,0.81
2020-06-07 03:30:00-05:00,3772,0.0,15.6,97.0,0.72
2020-06-07 04:30:00-05:00,3773,0.0,13.9,97.1,0.83
2020-06-07 05:30:00-05:00,3774,0.0,13.3,97.1,0.83
2020-06-07 06:30:00-05:00,3775,0.0,14.4,97.2,0.72
2020-06-07 07:30:00-05:00,3776,0.0,16.1,97.3,0.65
2020-06-07 08:30:00-05:00,3777,0.0,18.9,97.3,0.52
2020-06-07 09:30:00-05:00,3778,0.0,20.0,97.4,0.49
2020-06-07 10:30:00-05:00,3779,0.38525974161019994,21.1,97.4,0.44
2020-06-07 11:30:00-05:00,3780,1.0298554068006,22.2,97.4,0.43
2020-06-07 12:30:00-05:00,3781,2.0090439648626,22.8,97.3,0.43
2020-06-07 13:30:00-05:00,3782,2.612455110296,23.3,97.3,0.41
2020-06-07 14:30:00-05:00,3783,4.963184954098,23.9,97.2,0.4
2020-06-07 15:30:00-05:00,3784,9.892727874774,24.4,97.2,0.36
2020-06-07 16:30:00-05:00,3785,0.0,23.9,97.2,0.34
2020-06-07 17:30:00-05:00,3786,0.0,23.3,97.3,0.34
2020-06-07 18:30:00-05:00,3787,0.0,22.2,97.3,0.37
2020-06-07 19:30:00-05:00,3788,0.0,20.6,97.3,0.42
2020-06-07 20:30:00-05:00,3789,0.0,18.9,97.4,0.49
2020-06-07 21:30:00-05:00,3790,0.0,17.8,97.5,0.52
2020-06-07 22:30:00-05:00,3791,0.0,17.2,97.4,0.52
2020-06-07 23:30:00-05:00,3792,0.0,15.6,97.5,0.56
2020-06-08 00:30:00-05:00,3793,0.0,13.9,97.4,0.62
2020-06-08 01:30:00-05:00,3794,0.0,11.7,97.5,0.77
2020-06-08 02:30:00-05:00,3795,0.0,12.8,97.5,0.67
2020-06-08 03:30:00-05:00,3796,0.0,11.7,97.5,0.69
2020-06-08 04:30:00-05:00,3797,0.0,11.7,97.6,0.66
2020-06-08 05:30:00-05:00,3798,0.0,11.7,97.6,0.64
2020-06-08 06:30:00-05:00,3799,0.0,13.9,97.7,0.55
2020-06-08 07:30:00-05:00,3800,0.0,17.2,97.8,0.46
2020-06-08 08:30:00-05:00,3801,0.0,19.4,97.8,0.42
2020-06-08 09:30:00-05:00,3802,0.0,20.0,97.8,0.42
2020-06-08 10:30:00-05:00,3803,0.0032433815521761998,21.7,97.8,0.38
2020-06-08 11:30:00-05:00,3804,0.5977455872122,22.8,97.7,0.34
2020-06-08 12:30:00-05:00,3805,1.7239390828866,22.8,97.7,0.3
2020-06-08 13:30:00-05:00,3806,2.3912001954426,23.9,97.6,0.3
2020-06-08 14:30:00-05:00,3807,6.378007794706,25.6,97.6,0.28
2020-06-08 15:30:00-05:00,3808,13.029580624661998,26.1,97.6,0.24
2020-06-08 16:30:00-05:00,3809,0.0,26.7,97.6,0.23
2020-06-08 17:30:00-05:00,3810,0.0,26.1,97.5,0.2
2020-06-08 18:30:00-05:00,3811,0.0,25.0,97.5,0.25
2020-06-08 19:30:00-05:00,3812,0.0,21.7,97.5,0.33
2020-06-08 20:30:00-05:00,3813,0.0,20.6,97.5,0.38
2020-06-08 21:30:00-05:00,3814,0.0,18.9,97.6,0.47
2020-06-08 22:30:00-05:00,3815,0.0,17.2,97.6,0.54
2020-06-08 23:30:00-05:00,3816,0.0,16.7,97.6,0.52
2020-06-09 00:30:00-05:00,3817,0.0,15.6,97.6,0.5
2020-06-09 01:30:00-05:00,3818,0.0,15.6,97.5,0.52
2020-06-09 02:30:00-05:00,3819,0.0,15.6,97.5,0.52
2020-06-09 03:30:00-05:00,3820,0.0,14.4,97.5,0.51
2020-06-09 04:30:00-05:00,3821,0.0,13.9,97.5,0.55
2020-06-09 05:30:00-05:00,3822,0.0,13.3,97.6,0.6
2020-06-09 06:30:00-05:00,3823,0.0,17.2,97.7,0.5
2020-06-09 07:30:00-05:00,3824,0.0,21.1,97.7,0.39
2020-06-09 08:30:00-05:00,3825,0.0,22.8,97.7,0.38
2020-06-09 09:30:00-05:00,3826,0.32831162366873995,24.4,97.7,0.39
2020-06-09 10:30:00-05:00,3827,2.0400818475002,26.7,97.7,0.36
2020-06-09 11:30:00-05:00,3828,3.2173686964272,28.3,97.7,0.34
2020-06-09 12:30:00-05:00,3829,10.931220411405999,29.4,97.6,0.35
2020-06-09 13:30:00-05:00,3830,23.476673905823997,30.0,97.6,0.35
2020-06-09 14:30:00-05:00,3831,29.617867201492,29.4,97.6,0.37
2020-06-09 15:30:00-05:00,3832,30.956952344738003,29.4,97.6,0.39
2020-06-09 16:30:00-05:00,3833,6.66916117415,29.4,97.6,0.39
2020-06-09 17:30:00-05:00,3834,0.0,28.3,97.6,0.38
2020-06-09 18:30:00-05:00,3835,0.0,27.2,97.7,0.41
2020-06-09 19:30:00-05:00,3836,0.0,25.0,97.7,0.45
2020-06-09 20:30:00-05:00,3837,0.0,22.8,97.8,0.35
2020-06-09 21:30:00-05:00,3838,0.0,21.7,97.9,0.34
2020-06-09 22:30:00-05:00,3839,0.0,20.6,97.9,0.35
2020-06-09 23:30:00-05:00,3840,0.0,18.3,97.9,0.4
2020-06-10 00:30:00-05:00,3841,0.0,15.6,97.9,0.48
2020-06-10 01:30:00-05:00,3842,0.0,15.6,98.0,0.48
2020-06-10 02:30:00-05:00,3843,0.0,11.7,98.0,0.64
2020-06-10 03:30:00-05:00,3844,0.0,12.2,98.0,0.62
2020-06-10 04:30:00-05:00,3845,0.0,11.1,98.1,0.74
2020-06-10 05:30:00-05:00,3846,0.0,12.2,98.2,0.67
2020-06-10 06:30:00-05:00,3847,0.0,13.9,98.2,0.62
2020-06-10 07:30:00-05:00,3848,0.0,16.1,98.3,0.6
2020-06-10 08:30:00-05:00,3849,0.0,20.6,98.2,0.44
2020-06-10 09:30:00-05:00,3850,0.0,21.7,98.2,0.37
2020-06-10 10:30:00-05:00,3851,0.0,23.9,98.2,0.32
2020-06-10 11:30:00-05:00,3852,0.0,25.6,98.2,0.25
2020-06-10 12:30:00-05:00,3853,0.25694584945596,26.7,98.2,0.22
2020-06-10 13:30:00-05:00,3854,1.4749530720297999,28.9,98.1,0.19
2020-06-10 14:30:00-05:00,3855,5.021412548962,29.4,98.1,0.17
2020-06-10 15:30:00-05:00,3856,0.0,30.0,98.0,0.16
2020-06-10 16:30:00-05:00,3857,0.0,29.4,98.0,0.15
2020-06-10 17:30:00-05:00,3858,0.0,28.9,98.0,0.16
2020-06-10 18:30:00-05:00,3859,0.0,27.2,97.9,0.2
2020-06-10 19:30:00-05:00,3860,0.0,24.4,98.0,0.25
2020-06-10 20:30:00-05:00,3861,0.0,22.2,98.0,0.3
2020-06-10 21:30:00-05:00,3862,0.0,21.1,98.1,0.32
2020-06-10 22:30:00-05:00,3863,0.0,21.1,98.1,0.32
2020-06-10 23:30:00-05:00,3864,0.0,20.6,98.1,0.34
2020-06-11 00:30:00-05:00,3865,0.0,19.4,98.1,0.37
2020-06-11 01:30:00-05:00,3866,0.0,18.3,98.0,0.4
2020-06-11 02:30:00-05:00,3867,0.0,16.1,98.0,0.54
2020-06-11 03:30:00-05:00,3868,0.0,16.1,98.0,0.54
2020-06-11 04:30:00-05:00,3869,0.0,13.3,98.0,0.67
2020-06-11 05:30:00-05:00,3870,0.0,17.8,98.1,0.43
2020-06-11 06:30:00-05:00,3871,0.0,20.0,98.1,0.36
2020-06-11 07:30:00-05:00,3872,0.0,21.7,98.1,0.35
2020-06-11 08:30:00-05:00,3873,0.0,23.3,98.2,0.36
2020-06-11 09:30:00-05:00,3874,0.0,25.0,98.1,0.32
2020-06-11 10:30:00-05:00,3875,0.0,26.7,98.1,0.3
2020-06-11 11:30:00-05:00,3876,0.0,28.3,98.0,0.32
2020-06-11 12:30:00-05:00,3877,0.0,30.0,98.0,0.35
2020-06-11 13:30:00-05:00,3878,0.0,31.1,97.9,0.35
2020-06-11 14:30:00-05:00,3879,0.0,32.2,97.8,0.38
2020-06-11 15:30:00-05:00,3880,8.5996770067,32.8,97.7,0.37
2020-06-11 16:30:00-05:00,3881,10.009843739874,32.2,97.7,0.37
2020-06-11 17:30:00-05:00,3882,11.731223050355998,32.2,97.6,0.37
2020-06-11 18:30:00-05:00,3883,10.243839082752,31.1,97.7,0.39
2020-06-11 19:30:00-05:00,3884,0.0,28.3,97.7,0.48
2020-06-11 20:30:00-05:00,3885,0.0,27.2,97.7,0.53
2020-06-11 21:30:00-05:00,3886,0.0,26.1,97.7,0.56
2020-06-11 22:30:00-05:00,3887,0.0,25.6,97.6,0.58
2020-06-11 23:30:00-05:00,3888,0.0,22.2,97.8,0.84
2020-06-12 00:30:00-05:00,3889,0.0,21.1,97.7,0.9
2020-06-12 01:30:00-05:00,3890,0.0,21.1,97.6,0.9
2020-06-12 02:30:00-05:00,3891,0.0,21.1,97.5,0.87
2020-06-12 03:30:00-05:00,3892,0.0,21.1,97.5,0.87
2020-06-12 04:30:00-05:00,3893,0.0,21.7,97.6,0.87
2020-06-12 05:30:00-05:00,3894,0.0,21.7,97.7,0.84
2020-06-12 06:30:00-05:00,3895,0.0,21.7,97.7,0.87
2020-06-12 07:30:00-05:00,3896,0.8807689065447999,23.9,97.7,0.79
2020-06-12 08:30:00-05:00,3897,3.6435011961082,26.1,97.8,0.72
2020-06-12 09:30:00-05:00,3898,6.201026231007999,28.9,97.8,0.61
2020-06-12 10:30:00-05:00,3899,23.539012677292,30.0,97.8,0.57
2020-06-12 11:30:00-05:00,3900,36.585298392843995,31.1,97.7,0.52
2020-06-12 12:30:00-05:00,3901,50.17440114576,32.2,97.7,0.44
2020-06-12 13:30:00-05:00,3902,57.26764165548,32.2,97.6,0.44
2020-06-12 14:30:00-05:00,3903,65.33855691502,33.3,97.6,0.41
2020-06-12 15:30:00-05:00,3904,68.64734068102,33.3,97.5,0.37
2020-06-12 16:30:00-05:00,3905,32.066755282749995,32.2,97.5,0.41
2020-06-12 17:30:00-05:00,3906,21.154522083659998,31.7,97.5,0.42
2020-06-12 18:30:00-05:00,3907,24.615632421356,31.1,97.5,0.45
2020-06-12 19:30:00-05:00,3908,8.913123633609999,28.3,97.5,0.57
2020-06-12 20:30:00-05:00,3909,0.0,26.7,97.6,0.62
2020-06-12 21:30:00-05:00,3910,0.0,25.6,97.6,0.67
2020-06-12 22:30:00-05:00,3911,0.0,24.4,97.7,0.66
2020-06-12 23:30:00-05:00,3912,0.0,23.9,97.7,0.69
2020-06-13 00:30:00-05:00,3913,0.0,23.9,97.7,0.69
2020-06-13 01:30:00-05:00,3914,0.0,22.8,97.7,0.74
2020-06-13 02:30:00-05:00,3915,0.0,22.2,97.7,0.76
2020-06-13 03:30:00-05:00,3916,0.0,22.2,97.7,0.76
2020-06-13 04:30:00-05:00,3917,0.0,20.6,97.7,0.84
2020-06-13 05:30:00-05:00,3918,0.0,20.0,97.8,0.87
2020-06-13 06:30:00-05:00,3919,0.0,22.2,97.8,0.79
2020-06-13 07:30:00-05:00,3920,1.3592815646465999,25.0,97.9,0.67
2020-06-13 08:30:00-05:00,3921,4.2200521778399995,27.2,97.9,0.6
2020-06-13 09:30:00-05:00,3922,13.51538438437,30.0,97.9,0.51
2020-06-13 10:30:00-05:00,3923,34.28565905732199,31.7,98.0,0.48
2020-06-13 11:30:00-05:00,3924,46.6819662746,32.2,98.0,0.45
2020-06-13 12:30:00-05:00,3925,57.794230260919996,33.3,97.9,0.4
2020-06-13 13:30:00-05:00,3926,66.34009766211999,33.9,97.9,0.37
2020-06-13 14:30:00-05:00,3927,67.85592901652,32.8,97.8,0.38
2020-06-13 15:30:00-05:00,3928,65.89961650226,32.2,97.8,0.44
2020-06-13 16:30:00-05:00,3929,34.347107817604,32.8,97.7,0.41
2020-06-13 17:30:00-05:00,3930,24.501961745961996,32.2,97.7,0.41
2020-06-13 18:30:00-05:00,3931,21.756598363789998,30.6,97.8,0.48
2020-06-13 19:30:00-05:00,3932,4.248767875568,29.4,97.9,0.53
2020-06-13 20:30:00-05:00,3933,0.0,28.3,97.9,0.57
2020-06-13 21:30:00-05:00,3934,0.0,27.2,98.0,0.58
2020-06-13 22:30:00-05:00,3935,0.0,26.7,98.1,0.58
2020-06-13 23:30:00-05:00,3936,0.0,25.6,98.1,0.58
2020-06-14 00:30:00-05:00,3937,0.0,25.6,98.1,0.58
2020-06-14 01:30:00-05:00,3938,0.0,23.9,98.1,0.66
2020-06-14 02:30:00-05:00,3939,0.0,22.8,98.1,0.74
2020-06-14 03:30:00-05:00,3940,0.0,21.7,98.1,0.81
2020-06-14 04:30:00-05:00,3941,0.0,21.7,98.2,0.81
2020-06-14 05:30:00-05:00,3942,0.0,21.7,98.2,0.81
2020-06-14 06:30:00-05:00,3943,0.0,22.2,98.2,0.82
2020-06-14 07:30:00-05:00,3944,1.6725996383203998,22.8,98.2,0.79
2020-06-14 08:30:00-05:00,3945,3.5539311140911996,25.0,98.3,0.71
2020-06-14 09:30:00-05:00,3946,4.605791187614,25.6,98.3,0.69
2020-06-14 10:30:00-05:00,3947,13.619077078626,27.8,98.3,0.63
2020-06-14 11:30:00-05:00,3948,32.001073413629996,29.4,98.3,0.55
2020-06-14 12:30:00-05:00,3949,44.379940450499994,29.4,98.3,0.53
2020-06-14 13:30:00-05:00,3950,48.77603807377999,30.0,98.2,0.55
2020-06-14 14:30:00-05:00,3951,49.106574510799994,30.6,98.2,0.48
2020-06-14 15:30:00-05:00,3952,46.78277257352,31.1,98.2,0.47
2020-06-14 16:30:00-05:00,3953,10.396602962969999,30.6,98.2,0.45
2020-06-14 17:30:00-05:00,3954,8.497536954785998,30.0,98.2,0.43
2020-06-14 18:30:00-05:00,3955,0.0,28.3,98.2,0.48
2020-06-14 19:30:00-05:00,3956,0.0,27.8,98.2,0.51
2020-06-14 20:30:00-05:00,3957,0.0,26.7,98.3,0.62
2020-06-14 21:30:00-05:00,3958,0.0,25.6,98.3,0.6
2020-06-14 22:30:00-05:00,3959,0.0,24.4,98.4,0.62
2020-06-14 23:30:00-05:00,3960,0.0,23.9,98.4,0.62
2020-06-15 00:30:00-05:00,3961,0.0,23.3,98.4,0.66
2020-06-15 01:30:00-05:00,3962,0.0,21.7,98.3,0.71
2020-06-15 02:30:00-05:00,3963,0.0,22.2,98.3,0.73
2020-06-15 03:30:00-05:00,3964,0.0,22.2,98.3,0.73
2020-06-15 04:30:00-05:00,3965,0.0,22.2,98.2,0.71
2020-06-15 05:30:00-05:00,3966,0.0,22.2,98.3,0.71
2020-06-15 06:30:00-05:00,3967,0.0,22.2,98.3,0.73
2020-06-15 07:30:00-05:00,3968,1.356945468925,22.2,98.4,0.76
2020-06-15 08:30:00-05:00,3969,2.9953775774854,24.4,98.4,0.66
2020-06-15 09:30:00-05:00,3970,3.8192747086879995,24.4,98.4,0.66
2020-06-15 10:30:00-05:00,3971,5.712316882506,26.1,98.4,0.6
2020-06-15 11:30:00-05:00,3972,13.660832097607999,26.7,98.4,0.6
2020-06-15 12:30:00-05:00,3973,20.282065927368,26.7,98.4,0.58
2020-06-15 13:30:00-05:00,3974,23.414666771717997,26.7,98.3,0.58
2020-06-15 14:30:00-05:00,3975,24.788719585568,26.1,98.3,0.65
2020-06-15 15:30:00-05:00,3976,24.212698023943997,26.1,98.2,0.65
2020-06-15 16:30:00-05:00,3977,0.0,26.1,98.2,0.65
2020-06-15 17:30:00-05:00,3978,0.0,25.6,98.1,0.64
2020-06-15 18:30:00-05:00,3979,0.0,24.4,98.1,0.66
2020-06-15 19:30:00-05:00,3980,0.0,23.3,98.2,0.71
2020-06-15 20:30:00-05:00,3981,0.0,22.8,98.2,0.74
2020-06-15 21:30:00-05:00,3982,0.0,22.2,98.3,0.76
2020-06-15 22:30:00-05:00,3983,0.0,21.7,98.3,0.84
2020-06-15 23:30:00-05:00,3984,0.0,21.7,98.2,0.84
2020-06-16 00:30:00-05:00,3985,0.0,21.1,98.2,0.9
2020-06-16 01:30:00-05:00,3986,0.0,21.1,98.2,0.9
2020-06-16 02:30:00-05:00,3987,0.0,21.1,98.1,0.9
2020-06-16 03:30:00-05:00,3988,0.0,20.6,98.1,0.93
2020-06-16 04:30:00-05:00,3989,0.0,20.6,98.1,0.93
2020-06-16 05:30:00-05:00,3990,0.0,21.1,98.1,0.9
2020-06-16 06:30:00-05:00,3991,0.0,21.7,98.2,0.9
2020-06-16 07:30:00-05:00,3992,0.19090245479862,22.8,98.2,0.84
2020-06-16 08:30:00-05:00,3993,2.9627399224054,25.0,98.3,0.74
2020-06-16 09:30:00-05:00,3994,4.613541211234,26.1,98.3,0.72
2020-06-16 10:30:00-05:00,3995,10.336365256646,27.8,98.3,0.63
2020-06-16 11:30:00-05:00,3996,19.145513199208,27.2,98.3,0.67
2020-06-16 12:30:00-05:00,3997,30.639300532681997,29.4,98.2,0.61
2020-06-16 13:30:00-05:00,3998,37.056119606374,28.3,98.2,0.63
2020-06-16 14:30:00-05:00,3999,36.764464007568,28.3,98.2,0.51
2020-06-16 15:30:00-05:00,4000,42.07605356804,31.1,98.1,0.47
2020-06-16 16:30:00-05:00,4001,11.068955101205999,30.0,98.1,0.48
2020-06-16 17:30:00-05:00,4002,9.899653233794,28.3,98.1,0.51
2020-06-16 18:30:00-05:00,4003,0.0,25.6,98.2,0.71
2020-06-16 19:30:00-05:00,4004,0.0,24.4,98.2,0.76
2020-06-16 20:30:00-05:00,4005,0.0,23.9,98.2,0.79
2020-06-16 21:30:00-05:00,4006,0.0,23.3,98.3,0.79
2020-06-16 22:30:00-05:00,4007,0.0,22.8,98.3,0.79
2020-06-16 23:30:00-05:00,4008,0.0,22.2,98.2,0.79
2020-06-17 00:30:00-05:00,4009,0.0,22.2,98.2,0.84
2020-06-17 01:30:00-05:00,4010,0.0,20.6,98.2,0.9
2020-06-17 02:30:00-05:00,4011,0.0,20.0,98.2,0.97
2020-06-17 03:30:00-05:00,4012,0.0,20.0,98.2,1.0
2020-06-17 04:30:00-05:00,4013,0.0,20.0,98.2,1.0
2020-06-17 05:30:00-05:00,4014,0.0,20.0,98.2,1.0
2020-06-17 06:30:00-05:00,4015,0.0,20.6,98.2,0.97
2020-06-17 07:30:00-05:00,4016,0.0,21.7,98.2,0.9
2020-06-17 08:30:00-05:00,4017,0.0,24.4,98.2,0.76
2020-06-17 09:30:00-05:00,4018,1.7489790925681998,27.2,98.2,0.65
2020-06-17 10:30:00-05:00,4019,3.90666809741,28.3,98.2,0.61
2020-06-17 11:30:00-05:00,4020,11.867288498766,28.9,98.2,0.57
2020-06-17 12:30:00-05:00,4021,23.955749664832002,30.0,98.2,0.5
2020-06-17 13:30:00-05:00,4022,31.754341061043995,30.6,98.1,0.48
2020-06-17 14:30:00-05:00,4023,24.696462483404,26.1,98.1,0.62
2020-06-17 15:30:00-05:00,4024,0.0,25.6,98.1,0.77
2020-06-17 16:30:00-05:00,4025,0.0,23.3,98.1,0.84
2020-06-17 17:30:00-05:00,4026,0.0,22.8,98.1,0.84
2020-06-17 18:30:00-05:00,4027,0.0,22.8,98.1,0.79
2020-06-17 19:30:00-05:00,4028,0.0,22.8,98.1,0.79
2020-06-17 20:30:00-05:00,4029,0.0,21.7,98.2,0.97
2020-06-17 21:30:00-05:00,4030,0.0,21.7,98.2,0.93
2020-06-17 22:30:00-05:00,4031,0.0,21.1,98.2,0.93
2020-06-17 23:30:00-05:00,4032,0.0,21.1,98.2,0.93
2020-06-18 00:30:00-05:00,4033,0.0,21.1,98.1,0.93
2020-06-18 01:30:00-05:00,4034,0.0,20.6,98.0,0.97
2020-06-18 02:30:00-05:00,4035,0.0,20.6,98.0,0.97
2020-06-18 03:30:00-05:00,4036,0.0,20.0,98.0,0.97
2020-06-18 04:30:00-05:00,4037,0.0,20.0,98.0,0.97
2020-06-18 05:30:00-05:00,4038,0.0,19.4,98.1,1.0
2020-06-18 06:30:00-05:00,4039,0.0,20.0,98.1,0.97
2020-06-18 07:30:00-05:00,4040,0.0,20.6,98.2,0.93
2020-06-18 08:30:00-05:00,4041,0.0,21.7,98.2,0.9
2020-06-18 09:30:00-05:00,4042,0.0,24.4,98.2,0.82
2020-06-18 10:30:00-05:00,4043,0.0,26.7,98.2,0.77
2020-06-18 11:30:00-05:00,4044,0.0,27.2,98.2,0.74
2020-06-18 12:30:00-05:00,4045,0.0,28.3,98.1,0.67
2020-06-18 13:30:00-05:00,4046,0.0,29.4,98.0,0.61
2020-06-18 14:30:00-05:00,4047,0.0,31.1,98.0,0.55
2020-06-18 15:30:00-05:00,4048,11.041510306182,31.7,97.9,0.52
2020-06-18 16:30:00-05:00,4049,0.0,28.3,97.9,0.72
2020-06-18 17:30:00-05:00,4050,0.0,27.2,97.9,0.65
2020-06-18 18:30:00-05:00,4051,0.0,25.6,97.9,0.71
2020-06-18 19:30:00-05:00,4052,0.0,24.4,97.9,0.76
2020-06-18 20:30:00-05:00,4053,0.0,22.8,97.9,0.84
2020-06-18 21:30:00-05:00,4054,0.0,22.8,98.0,0.87
2020-06-18 22:30:00-05:00,4055,0.0,22.2,98.0,0.9
2020-06-18 23:30:00-05:00,4056,0.0,21.7,98.0,0.9
2020-06-19 00:30:00-05:00,4057,0.0,21.1,97.9,0.93
2020-06-19 01:30:00-05:00,4058,0.0,20.6,97.9,0.93
2020-06-19 02:30:00-05:00,4059,0.0,20.6,98.0,0.93
2020-06-19 03:30:00-05:00,4060,0.0,20.6,98.0,0.93
2020-06-19 04:30:00-05:00,4061,0.0,21.1,98.0,0.93
2020-06-19 05:30:00-05:00,4062,0.0,20.6,98.0,0.93
2020-06-19 06:30:00-05:00,4063,0.0,21.1,98.1,0.9
2020-06-19 07:30:00-05:00,4064,0.0,22.8,98.1,0.84
2020-06-19 08:30:00-05:00,4065,2.2014888914365995,24.4,98.1,0.76
2020-06-19 09:30:00-05:00,4066,4.521346523119999,28.3,98.1,0.61
2020-06-19 10:30:00-05:00,4067,13.051535402669998,29.4,98.0,0.51
2020-06-19 11:30:00-05:00,4068,24.430579883188,28.9,98.0,0.48
2020-06-19 12:30:00-05:00,4069,33.817467894699995,30.0,98.0,0.55
2020-06-19 13:30:00-05:00,4070,46.41394828156,31.7,98.0,0.5
2020-06-19 14:30:00-05:00,4071,52.99923000162,31.7,97.9,0.5
2020-06-19 15:30:00-05:00,4072,55.63401454795999,32.2,97.8,0.48
2020-06-19 16:30:00-05:00,4073,27.281446905552,31.7,97.8,0.44
2020-06-19 17:30:00-05:00,4074,18.635085391658,30.6,97.8,0.46
2020-06-19 18:30:00-05:00,4075,12.016215536768,29.4,97.8,0.51
2020-06-19 19:30:00-05:00,4076,5.101360245575999,26.7,97.8,0.6
2020-06-19 20:30:00-05:00,4077,0.0,25.6,97.9,0.67
2020-06-19 21:30:00-05:00,4078,0.0,23.3,97.9,0.76
2020-06-19 22:30:00-05:00,4079,0.0,21.7,97.9,0.87
2020-06-19 23:30:00-05:00,4080,0.0,21.1,97.9,0.9
2020-06-20 00:30:00-05:00,4081,0.0,20.6,97.9,0.93
2020-06-20 01:30:00-05:00,4082,0.0,20.6,98.0,0.93
2020-06-20 02:30:00-05:00,4083,0.0,20.6,97.9,0.93
2020-06-20 03:30:00-05:00,4084,0.0,19.4,97.9,0.97
2020-06-20 04:30:00-05:00,4085,0.0,19.4,97.9,0.97
2020-06-20 05:30:00-05:00,4086,0.0,19.4,98.0,1.0
2020-06-20 06:30:00-05:00,4087,0.0,20.0,98.0,0.97
2020-06-20 07:30:00-05:00,4088,0.0,21.7,98.1,0.87
2020-06-20 08:30:00-05:00,4089,2.2362721221968,25.0,98.1,0.74
2020-06-20 09:30:00-05:00,4090,4.483453831548,26.7,98.0,0.72
2020-06-20 10:30:00-05:00,4091,12.35540123583,28.9,98.0,0.65
2020-06-20 11:30:00-05:00,4092,27.578536781948,28.9,98.0,0.59
2020-06-20 12:30:00-05:00,4093,39.28646541742,30.6,98.0,0.55
2020-06-20 13:30:00-05:00,4094,46.57266192282,30.0,97.9,0.53
2020-06-20 14:30:00-05:00,4095,51.76537065598,31.7,97.9,0.47
2020-06-20 15:30:00-05:00,4096,55.7772841992,31.7,97.8,0.45
2020-06-20 16:30:00-05:00,4097,24.75581584951,31.1,97.7,0.48
2020-06-20 17:30:00-05:00,4098,17.779563968844,30.6,97.8,0.5
2020-06-20 18:30:00-05:00,4099,10.774720718698,28.9,97.9,0.55
2020-06-20 19:30:00-05:00,4100,0.0,21.7,97.9,0.87
2020-06-20 20:30:00-05:00,4101,0.0,21.7,97.9,0.81
2020-06-20 21:30:00-05:00,4102,0.0,20.6,98.0,0.9
2020-06-20 22:30:00-05:00,4103,0.0,20.6,98.0,0.9
2020-06-20 23:30:00-05:00,4104,0.0,20.6,98.0,0.9
2020-06-21 00:30:00-05:00,4105,0.0,20.6,97.9,0.9
2020-06-21 01:30:00-05:00,4106,0.0,20.6,97.9,0.9
2020-06-21 02:30:00-05:00,4107,0.0,20.6,97.9,0.87
2020-06-21 03:30:00-05:00,4108,0.0,20.0,98.0,0.9
2020-06-21 04:30:00-05:00,4109,0.0,19.4,98.0,0.93
2020-06-21 05:30:00-05:00,4110,0.0,19.4,98.0,0.93
2020-06-21 06:30:00-05:00,4111,0.0,21.1,98.1,0.84
2020-06-21 07:30:00-05:00,4112,0.05425036607082,23.9,98.1,0.76
2020-06-21 08:30:00-05:00,4113,2.8833866281602,26.1,98.2,0.69
2020-06-21 09:30:00-05:00,4114,5.030551897042,27.8,98.2,0.63
2020-06-21 10:30:00-05:00,4115,15.662895799428,28.9,98.2,0.57
2020-06-21 11:30:00-05:00,4116,30.315492922519997,30.0,98.2,0.51
2020-06-21 12:30:00-05:00,4117,40.8374429019,30.0,98.1,0.51
2020-06-21 13:30:00-05:00,4118,49.23015734206,31.7,98.1,0.48
2020-06-21 14:30:00-05:00,4119,58.242645666879994,32.2,98.1,0.45
2020-06-21 15:30:00-05:00,4120,58.68701185554,31.7,98.0,0.45
2020-06-21 16:30:00-05:00,4121,25.490525447005997,31.7,98.0,0.45
2020-06-21 17:30:00-05:00,4122,17.200923972342,30.6,98.0,0.46
2020-06-21 18:30:00-05:00,4123,11.157057638289999,30.0,98.0,0.5
2020-06-21 19:30:00-05:00,4124,0.0,28.9,98.0,0.51
2020-06-21 20:30:00-05:00,4125,0.0,26.7,98.1,0.6
2020-06-21 21:30:00-05:00,4126,0.0,25.6,98.2,0.64
2020-06-21 22:30:00-05:00,4127,0.0,23.3,98.2,0.79
2020-06-21 23:30:00-05:00,4128,0.0,25.0,98.2,0.69
2020-06-22 00:30:00-05:00,4129,0.0,23.9,98.1,0.74
2020-06-22 01:30:00-05:00,4130,0.0,22.2,98.1,0.82
2020-06-22 02:30:00-05:00,4131,0.0,22.2,98.1,0.82
2020-06-22 03:30:00-05:00,4132,0.0,21.1,98.1,0.87
2020-06-22 04:30:00-05:00,4133,0.0,20.0,98.2,0.93
2020-06-22 05:30:00-05:00,4134,0.0,20.6,98.2,0.9
2020-06-22 06:30:00-05:00,4135,0.0,22.8,98.2,0.82
2020-06-22 07:30:00-05:00,4136,1.2923770896331999,26.1,98.3,0.67
2020-06-22 08:30:00-05:00,4137,4.783090659008,28.3,98.3,0.57
2020-06-22 09:30:00-05:00,4138,12.461998876717999,29.4,98.3,0.53
2020-06-22 10:30:00-05:00,4139,29.946784144252,30.6,98.3,0.53
2020-06-22 11:30:00-05:00,4140,39.7779103567,31.7,98.3,0.5
2020-06-22 12:30:00-05:00,4141,51.048112782,32.2,98.2,0.47
2020-06-22 13:30:00-05:00,4142,51.70628777452,31.7,98.2,0.48
2020-06-22 14:30:00-05:00,4143,44.5911988266,28.9,98.2,0.53
2020-06-22 15:30:00-05:00,4144,44.58470582436,30.6,98.1,0.53
2020-06-22 16:30:00-05:00,4145,21.823923213678,32.2,98.0,0.52
2020-06-22 17:30:00-05:00,4146,21.044765477198,30.6,98.0,0.53
2020-06-22 18:30:00-05:00,4147,9.824589784264,29.4,98.1,0.57
2020-06-22 19:30:00-05:00,4148,0.0,27.2,98.2,0.69
2020-06-22 20:30:00-05:00,4149,0.0,20.6,98.4,0.97
2020-06-22 21:30:00-05:00,4150,0.0,20.6,98.4,0.97
2020-06-22 22:30:00-05:00,4151,0.0,20.0,98.4,0.97
2020-06-22 23:30:00-05:00,4152,0.0,20.6,98.4,0.97
2020-06-23 00:30:00-05:00,4153,0.0,21.1,98.3,0.97
2020-06-23 01:30:00-05:00,4154,0.0,21.1,98.3,0.97
2020-06-23 02:30:00-05:00,4155,0.0,21.1,98.3,0.97
2020-06-23 03:30:00-05:00,4156,0.0,21.1,98.3,0.97
2020-06-23 04:30:00-05:00,4157,0.0,21.1,98.3,0.97
2020-06-23 05:30:00-05:00,4158,0.0,21.1,98.3,0.97
2020-06-23 06:30:00-05:00,4159,0.0,21.7,98.4,0.93
2020-06-23 07:30:00-05:00,4160,0.4346651371086,23.9,98.4,0.85
2020-06-23 08:30:00-05:00,4161,3.537973999663,25.6,98.4,0.82
2020-06-23 09:30:00-05:00,4162,5.472983478608,27.8,98.4,0.72
2020-06-23 10:30:00-05:00,4163,18.503063571812,30.0,98.4,0.63
2020-06-23 11:30:00-05:00,4164,39.70413714264,31.7,98.4,0.55
2020-06-23 12:30:00-05:00,4165,56.28738004995999,32.2,98.3,0.52
2020-06-23 13:30:00-05:00,4166,64.85460209874,32.8,98.3,0.47
2020-06-23 14:30:00-05:00,4167,60.77509332712,30.6,98.2,0.52
2020-06-23 15:30:00-05:00,4168,53.33349418163999,30.6,98.2,0.57
2020-06-23 16:30:00-05:00,4169,25.996363801782,31.7,98.2,0.52
2020-06-23 17:30:00-05:00,4170,17.444542277368,29.4,98.2,0.55
2020-06-23 18:30:00-05:00,4171,8.733685042998,28.3,98.2,0.53
2020-06-23 19:30:00-05:00,4172,0.0,26.1,98.2,0.67
2020-06-23 20:30:00-05:00,4173,0.0,24.4,98.3,0.76
2020-06-23 21:30:00-05:00,4174,0.0,23.9,98.4,0.79
2020-06-23 22:30:00-05:00,4175,0.0,22.2,98.4,0.9
2020-06-23 23:30:00-05:00,4176,0.0,22.2,98.4,0.9
2020-06-24 00:30:00-05:00,4177,0.0,21.7,98.3,0.9
2020-06-24 01:30:00-05:00,4178,0.0,21.7,98.3,0.9
2020-06-24 02:30:00-05:00,4179,0.0,22.2,98.3,0.87
2020-06-24 03:30:00-05:00,4180,0.0,21.7,98.3,0.87
2020-06-24 04:30:00-05:00,4181,0.0,21.1,98.3,0.9
2020-06-24 05:30:00-05:00,4182,0.0,21.7,98.3,0.87
2020-06-24 06:30:00-05:00,4183,0.0,22.8,98.3,0.82
2020-06-24 07:30:00-05:00,4184,0.0,24.4,98.3,0.76
2020-06-24 08:30:00-05:00,4185,0.6343190147151999,26.7,98.3,0.69
2020-06-24 09:30:00-05:00,4186,3.1278320291098,28.3,98.3,0.63
2020-06-24 10:30:00-05:00,4187,6.660683801612,29.4,98.3,0.61
2020-06-24 11:30:00-05:00,4188,21.781258370766,31.1,98.3,0.55
2020-06-24 12:30:00-05:00,4189,36.088959273204,32.2,98.3,0.48
2020-06-24 13:30:00-05:00,4190,43.95892580106,32.2,98.2,0.42
2020-06-24 14:30:00-05:00,4191,46.4749006266,32.8,98.2,0.39
2020-06-24 15:30:00-05:00,4192,26.968993601301996,33.3,98.1,0.38
2020-06-24 16:30:00-05:00,4193,22.984595416826,32.8,98.0,0.41
2020-06-24 17:30:00-05:00,4194,29.024633730248,32.2,98.0,0.42
2020-06-24 18:30:00-05:00,4195,14.886950472101999,30.6,98.0,0.46
2020-06-24 19:30:00-05:00,4196,0.0,28.3,98.1,0.49
2020-06-24 20:30:00-05:00,4197,0.0,27.8,98.1,0.58
2020-06-24 21:30:00-05:00,4198,0.0,26.1,98.1,0.62
2020-06-24 22:30:00-05:00,4199,0.0,24.4,98.1,0.74
2020-06-24 23:30:00-05:00,4200,0.0,24.4,98.1,0.71
2020-06-25 00:30:00-05:00,4201,0.0,23.9,98.1,0.71
2020-06-25 01:30:00-05:00,4202,0.0,22.2,98.0,0.82
2020-06-25 02:30:00-05:00,4203,0.0,22.2,98.0,0.82
2020-06-25 03:30:00-05:00,4204,0.0,21.7,98.0,0.87
2020-06-25 04:30:00-05:00,4205,0.0,21.7,98.0,0.87
2020-06-25 05:30:00-05:00,4206,0.0,21.7,98.0,0.87
2020-06-25 06:30:00-05:00,4207,0.0,21.7,98.0,0.87
2020-06-25 07:30:00-05:00,4208,0.0,23.3,98.1,0.79
2020-06-25 08:30:00-05:00,4209,0.0,26.7,98.1,0.67
2020-06-25 09:30:00-05:00,4210,0.0,29.4,98.1,0.57
2020-06-25 10:30:00-05:00,4211,0.0,30.0,98.0,0.59
2020-06-25 11:30:00-05:00,4212,0.0,31.1,98.0,0.53
2020-06-25 12:30:00-05:00,4213,6.781525495196,32.2,98.0,0.48
2020-06-25 13:30:00-05:00,4214,20.209156562824,32.2,97.9,0.47
2020-06-25 14:30:00-05:00,4215,20.529880792489998,31.1,97.8,0.53
2020-06-25 15:30:00-05:00,4216,30.687724080805996,33.3,97.7,0.38
2020-06-25 16:30:00-05:00,4217,24.133636713772,32.8,97.7,0.41
2020-06-25 17:30:00-05:00,4218,27.657440471995997,30.6,97.7,0.52
2020-06-25 18:30:00-05:00,4219,12.591050620895999,29.4,97.7,0.55
2020-06-25 19:30:00-05:00,4220,0.0,26.7,97.8,0.67
2020-06-25 20:30:00-05:00,4221,0.0,26.7,97.8,0.67
2020-06-25 21:30:00-05:00,4222,0.0,26.7,97.8,0.67
2020-06-25 22:30:00-05:00,4223,0.0,25.6,97.8,0.77
2020-06-25 23:30:00-05:00,4224,0.0,24.4,97.8,0.79
2020-06-26 00:30:00-05:00,4225,0.0,24.4,97.8,0.79
2020-06-26 01:30:00-05:00,4226,0.0,23.3,97.7,0.87
2020-06-26 02:30:00-05:00,4227,0.0,23.3,97.7,0.87
2020-06-26 03:30:00-05:00,4228,0.0,23.3,97.7,0.87
2020-06-26 04:30:00-05:00,4229,0.0,23.3,97.7,0.87
2020-06-26 05:30:00-05:00,4230,0.0,23.3,97.8,0.87
2020-06-26 06:30:00-05:00,4231,0.28564680277166,23.3,97.8,0.87
2020-06-26 07:30:00-05:00,4232,2.838021817194,24.4,97.9,0.82
2020-06-26 08:30:00-05:00,4233,4.723058709726,26.7,97.9,0.72
2020-06-26 09:30:00-05:00,4234,5.15278133136,25.6,97.9,0.74
2020-06-26 10:30:00-05:00,4235,8.033112342473999,27.2,97.9,0.72
2020-06-26 11:30:00-05:00,4236,22.0682502697,28.3,97.9,0.67
2020-06-26 12:30:00-05:00,4237,39.53586789294,30.0,97.8,0.61
2020-06-26 13:30:00-05:00,4238,48.12836949948,30.6,97.8,0.59
2020-06-26 14:30:00-05:00,4239,55.060498431899994,31.1,97.7,0.55
2020-06-26 15:30:00-05:00,4240,53.37775245028,28.9,97.7,0.63
2020-06-26 16:30:00-05:00,4241,7.69353699164,22.8,97.8,0.9
2020-06-26 17:30:00-05:00,4242,0.0,23.3,97.8,0.87
2020-06-26 18:30:00-05:00,4243,0.0,22.8,97.8,0.9
2020-06-26 19:30:00-05:00,4244,0.0,22.8,97.8,0.9
2020-06-26 20:30:00-05:00,4245,0.0,23.3,97.8,0.87
2020-06-26 21:30:00-05:00,4246,0.0,22.8,97.6,0.9
2020-06-26 22:30:00-05:00,4247,0.0,22.8,97.9,0.93
2020-06-26 23:30:00-05:00,4248,0.0,23.3,97.9,0.94
2020-06-27 00:30:00-05:00,4249,0.0,22.2,97.9,0.97
2020-06-27 01:30:00-05:00,4250,0.0,21.7,97.8,0.93
2020-06-27 02:30:00-05:00,4251,0.0,20.6,97.8,0.97
2020-06-27 03:30:00-05:00,4252,0.0,20.0,97.8,0.97
2020-06-27 04:30:00-05:00,4253,0.0,20.0,97.9,0.97
2020-06-27 05:30:00-05:00,4254,0.0,20.0,97.9,0.97
2020-06-27 06:30:00-05:00,4255,0.0,21.7,98.0,0.9
2020-06-27 07:30:00-05:00,4256,0.26612762465148,23.9,98.0,0.82
2020-06-27 08:30:00-05:00,4257,3.3128342375127997,25.6,98.0,0.79
2020-06-27 09:30:00-05:00,4258,5.0728773816,27.2,98.1,0.74
2020-06-27 10:30:00-05:00,4259,17.636602141923998,28.9,98.1,0.65
2020-06-27 11:30:00-05:00,4260,34.956337021844,30.6,98.1,0.59
2020-06-27 12:30:00-05:00,4261,52.742043193799994,32.2,98.1,0.52
2020-06-27 13:30:00-05:00,4262,63.10046989623999,32.2,98.0,0.47
2020-06-27 14:30:00-05:00,4263,65.4915413624,32.2,98.0,0.47
2020-06-27 15:30:00-05:00,4264,67.2748971058,32.8,97.9,0.45
2020-06-27 16:30:00-05:00,4265,33.7083016581,32.2,97.9,0.47
2020-06-27 17:30:00-05:00,4266,23.731157684571997,31.7,97.8,0.45
2020-06-27 18:30:00-05:00,4267,22.150795456352,30.6,97.9,0.5
2020-06-27 19:30:00-05:00,4268,4.192643187252,28.3,97.9,0.53
2020-06-27 20:30:00-05:00,4269,0.0,27.2,97.9,0.58
2020-06-27 21:30:00-05:00,4270,0.0,26.1,98.0,0.65
2020-06-27 22:30:00-05:00,4271,0.0,25.6,98.0,0.67
2020-06-27 23:30:00-05:00,4272,0.0,24.4,98.0,0.71
2020-06-28 00:30:00-05:00,4273,0.0,23.9,97.9,0.74
2020-06-28 01:30:00-05:00,4274,0.0,22.8,97.9,0.82
2020-06-28 02:30:00-05:00,4275,0.0,22.8,97.9,0.79
2020-06-28 03:30:00-05:00,4276,0.0,23.3,97.9,0.74
2020-06-28 04:30:00-05:00,4277,0.0,23.3,98.0,0.76
2020-06-28 05:30:00-05:00,4278,0.0,22.2,98.0,0.82
2020-06-28 06:30:00-05:00,4279,0.0,22.8,98.1,0.76
2020-06-28 07:30:00-05:00,4280,1.7718359263296,25.0,98.1,0.74
2020-06-28 08:30:00-05:00,4281,4.353024181872,26.7,98.1,0.69
2020-06-28 09:30:00-05:00,4282,9.143055503564,28.9,98.1,0.65
2020-06-28 10:30:00-05:00,4283,30.7021042161,30.6,98.1,0.59
2020-06-28 11:30:00-05:00,4284,45.0536864184,31.1,98.1,0.55
2020-06-28 12:30:00-05:00,4285,55.63731274086,32.2,98.0,0.52
2020-06-28 13:30:00-05:00,4286,57.87472046062,31.1,98.0,0.53
2020-06-28 14:30:00-05:00,4287,55.39859404552,30.6,98.0,0.53
2020-06-28 15:30:00-05:00,4288,39.926086752619995,26.1,97.9,0.67
2020-06-28 16:30:00-05:00,4289,6.7936993242699995,27.8,97.8,0.65
2020-06-28 17:30:00-05:00,4290,10.431019934723999,30.6,97.8,0.55
2020-06-28 18:30:00-05:00,4291,10.517305270691999,30.0,97.8,0.59
2020-06-28 19:30:00-05:00,4292,0.0,27.8,97.9,0.65
2020-06-28 20:30:00-05:00,4293,0.0,26.1,97.9,0.69
2020-06-28 21:30:00-05:00,4294,0.0,26.1,98.0,0.67
2020-06-28 22:30:00-05:00,4295,0.0,26.1,98.0,0.62
2020-06-28 23:30:00-05:00,4296,0.0,25.6,98.0,0.67
2020-06-29 00:30:00-05:00,4297,0.0,24.4,98.0,0.71
2020-06-29 01:30:00-05:00,4298,0.0,23.3,97.9,0.79
2020-06-29 02:30:00-05:00,4299,0.0,23.3,97.8,0.79
2020-06-29 03:30:00-05:00,4300,0.0,22.8,97.8,0.84
2020-06-29 04:30:00-05:00,4301,0.0,22.2,97.8,0.87
2020-06-29 05:30:00-05:00,4302,0.0,22.2,98.0,0.9
2020-06-29 06:30:00-05:00,4303,0.0,23.3,98.0,0.87
2020-06-29 07:30:00-05:00,4304,1.8750446254574,23.3,98.1,0.9
2020-06-29 08:30:00-05:00,4305,4.223104947967999,26.1,98.1,0.77
2020-06-29 09:30:00-05:00,4306,7.840164253415999,28.9,98.1,0.67
2020-06-29 10:30:00-05:00,4307,27.180564359175996,29.4,98.1,0.63
2020-06-29 11:30:00-05:00,4308,38.86344222896,30.6,98.1,0.57
2020-06-29 12:30:00-05:00,4309,41.32025270104,29.4,98.1,0.53
2020-06-29 13:30:00-05:00,4310,39.962110111559994,28.9,98.0,0.57
2020-06-29 14:30:00-05:00,4311,46.71593718362,30.6,98.0,0.52
2020-06-29 15:30:00-05:00,4312,54.6872285093,31.1,97.9,0.52
2020-06-29 16:30:00-05:00,4313,26.909153987879996,31.7,97.9,0.52
2020-06-29 17:30:00-05:00,4314,18.459934359248,30.6,97.9,0.52
2020-06-29 18:30:00-05:00,4315,10.816494422394,30.6,97.9,0.53
2020-06-29 19:30:00-05:00,4316,0.0,27.8,98.0,0.56
2020-06-29 20:30:00-05:00,4317,0.0,26.1,98.0,0.67
2020-06-29 21:30:00-05:00,4318,0.0,25.0,98.1,0.76
2020-06-29 22:30:00-05:00,4319,0.0,23.9,98.1,0.79
2020-06-29 23:30:00-05:00,4320,0.0,23.3,98.1,0.84
2020-06-30 00:30:00-05:00,4321,0.0,22.8,98.1,0.84
2020-06-30 01:30:00-05:00,4322,0.0,22.2,98.0,0.87
2020-06-30 02:30:00-05:00,4323,0.0,21.7,98.0,0.93
2020-06-30 03:30:00-05:00,4324,0.0,21.7,98.0,0.93
2020-06-30 04:30:00-05:00,4325,0.0,21.1,98.0,0.93
2020-06-30 05:30:00-05:00,4326,0.0,21.1,98.1,0.93
2020-06-30 06:30:00-05:00,4327,0.0,22.2,98.2,0.9
2020-06-30 07:30:00-05:00,4328,1.0265671456452,23.9,98.2,0.82
2020-06-30 08:30:00-05:00,4329,4.307754729659999,27.2,98.2,0.67
2020-06-30 09:30:00-05:00,4330,9.737530908630001,28.9,98.2,0.63
2020-06-30 10:30:00-05:00,4331,30.137460362916,30.0,98.2,0.61
2020-06-30 11:30:00-05:00,4332,41.644074522859995,30.6,98.2,0.57
2020-06-30 12:30:00-05:00,4333,50.959240440079995,31.1,98.2,0.53
2020-06-30 13:30:00-05:00,4334,60.6665816903,32.8,98.2,0.45
2020-06-30 14:30:00-05:00,4335,66.70675797834,33.3,98.0,0.41
2020-06-30 15:30:00-05:00,4336,42.903075510579995,24.4,98.2,0.64
2020-06-30 16:30:00-05:00,4337,0.0,25.0,98.1,0.74
2020-06-30 17:30:00-05:00,4338,0.0,25.0,98.1,0.74
2020-06-30 18:30:00-05:00,4339,0.0,25.6,98.2,0.74
2020-06-30 19:30:00-05:00,4340,0.0,23.3,98.2,0.84
2020-06-30 20:30:00-05:00,4341,0.0,22.8,98.2,0.87
2020-06-30 21:30:00-05:00,4342,0.0,22.6,98.2,0.87
2020-06-30 22:30:00-05:00,4343,0.0,22.5,98.2,0.93
2020-06-30 23:30:00-05:00,4344,0.0,22.3,98.2,0.93
2020-07-01 00:30:00-05:00,4345,0.0,22.2,98.2,0.9
2020-07-01 01:30:00-05:00,4346,0.0,22.0,98.1,0.9
2020-07-01 02:30:00-05:00,4347,0.0,21.9,98.1,0.9
2020-07-01 03:30:00-05:00,4348,0.0,21.7,98.2,0.9
2020-07-01 04:30:00-05:00,4349,0.0,21.7,98.2,0.9
2020-07-01 05:30:00-05:00,4350,0.0,22.2,98.2,0.87
2020-07-01 06:30:00-05:00,4351,0.0,22.2,98.2,0.9
2020-07-01 07:30:00-05:00,4352,0.03945181552536,24.4,98.3,0.82
2020-07-01 08:30:00-05:00,4353,2.7124071887822,27.2,98.3,0.74
2020-07-01 09:30:00-05:00,4354,4.676085237042,28.3,98.3,0.7
2020-07-01 10:30:00-05:00,4355,16.866142483274,30.0,98.3,0.63
2020-07-01 11:30:00-05:00,4356,28.247073593112,30.0,98.3,0.61
2020-07-01 12:30:00-05:00,4357,41.296939018559996,31.7,98.2,0.55
2020-07-01 13:30:00-05:00,4358,36.641992878315996,27.8,98.2,0.58
2020-07-01 14:30:00-05:00,4359,32.925884215234,29.4,98.1,0.61
2020-07-01 15:30:00-05:00,4360,9.574199219862,26.7,98.2,0.74
2020-07-01 16:30:00-05:00,4361,4.73356276997,23.9,98.2,0.87
2020-07-01 17:30:00-05:00,4362,0.0,23.3,98.2,0.94
2020-07-01 18:30:00-05:00,4363,0.0,23.9,98.2,0.85
2020-07-01 19:30:00-05:00,4364,0.0,20.0,98.2,0.93
2020-07-01 20:30:00-05:00,4365,0.0,20.6,98.3,0.87
2020-07-01 21:30:00-05:00,4366,0.0,20.0,98.3,0.9
2020-07-01 22:30:00-05:00,4367,0.0,20.0,98.3,0.9
2020-07-01 23:30:00-05:00,4368,0.0,20.0,98.3,0.9
2020-07-02 00:30:00-05:00,4369,0.0,20.0,98.3,0.9
2020-07-02 01:30:00-05:00,4370,0.0,20.0,98.2,0.9
2020-07-02 02:30:00-05:00,4371,0.0,18.9,98.2,0.93
2020-07-02 03:30:00-05:00,4372,0.0,19.4,98.2,0.93
2020-07-02 04:30:00-05:00,4373,0.0,19.4,98.2,0.93
2020-07-02 05:30:00-05:00,4374,0.0,19.4,98.3,0.93
2020-07-02 06:30:00-05:00,4375,0.0,20.0,98.4,0.9
2020-07-02 07:30:00-05:00,4376,0.0,22.2,98.4,0.87
2020-07-02 08:30:00-05:00,4377,0.0,25.0,98.4,0.74
2020-07-02 09:30:00-05:00,4378,0.0,26.1,98.4,0.72
2020-07-02 10:30:00-05:00,4379,0.0,27.2,98.4,0.67
2020-07-02 11:30:00-05:00,4380,0.0,28.9,98.3,0.61
2020-07-02 12:30:00-05:00,4381,13.573732785527998,30.0,98.3,0.57
2020-07-02 13:30:00-05:00,4382,21.017159980971996,28.9,98.2,0.59
2020-07-02 14:30:00-05:00,4383,28.922233348504,30.6,98.2,0.52
2020-07-02 15:30:00-05:00,4384,30.248321656282,31.1,98.2,0.5
2020-07-02 16:30:00-05:00,4385,32.417158425062,30.6,98.1,0.48
2020-07-02 17:30:00-05:00,4386,29.85656219627,30.6,98.1,0.48
2020-07-02 18:30:00-05:00,4387,23.336048147638,28.3,98.1,0.49
2020-07-02 19:30:00-05:00,4388,5.3616920615699994,25.6,98.2,0.56
2020-07-02 20:30:00-05:00,4389,0.0,23.3,98.2,0.64
2020-07-02 21:30:00-05:00,4390,0.0,22.8,98.3,0.64
2020-07-02 22:30:00-05:00,4391,0.0,22.2,98.3,0.66
2020-07-02 23:30:00-05:00,4392,0.0,21.1,98.3,0.73
2020-07-03 00:30:00-05:00,4393,0.0,21.1,98.2,0.71
2020-07-03 01:30:00-05:00,4394,0.0,19.4,98.2,0.81
2020-07-03 02:30:00-05:00,4395,0.0,17.8,98.2,0.9
2020-07-03 03:30:00-05:00,4396,0.0,17.8,98.2,0.9
2020-07-03 04:30:00-05:00,4397,0.0,17.8,98.2,0.87
2020-07-03 05:30:00-05:00,4398,0.0,18.3,98.3,0.84
2020-07-03 06:30:00-05:00,4399,0.0,20.6,98.3,0.76
2020-07-03 07:30:00-05:00,4400,2.1162198034715995,24.4,98.3,0.66
2020-07-03 08:30:00-05:00,4401,4.678033179514,25.6,98.3,0.64
2020-07-03 09:30:00-05:00,4402,12.02732176234,25.6,98.4,0.69
2020-07-03 10:30:00-05:00,4403,24.407028675855997,26.7,98.4,0.62
2020-07-03 11:30:00-05:00,4404,37.293188751505994,28.9,98.3,0.53
2020-07-03 12:30:00-05:00,4405,50.7537211998,29.4,98.4,0.53
2020-07-03 13:30:00-05:00,4406,58.41634084576,30.0,98.3,0.51
2020-07-03 14:30:00-05:00,4407,62.573839486619995,29.4,98.3,0.53
2020-07-03 15:30:00-05:00,4408,61.77402887363999,29.4,98.3,0.51
2020-07-03 16:30:00-05:00,4409,32.672037635344,30.0,98.2,0.46
2020-07-03 17:30:00-05:00,4410,26.057523386434,29.4,98.2,0.48
2020-07-03 18:30:00-05:00,4411,27.921956860226,28.3,98.2,0.48
2020-07-03 19:30:00-05:00,4412,8.975000278489999,26.7,98.2,0.52
2020-07-03 20:30:00-05:00,4413,0.0,26.1,98.3,0.54
2020-07-03 21:30:00-05:00,4414,0.0,25.6,98.4,0.56
2020-07-03 22:30:00-05:00,4415,0.0,24.4,98.4,0.66
2020-07-03 23:30:00-05:00,4416,0.0,23.9,98.4,0.69
2020-07-04 00:30:00-05:00,4417,0.0,22.8,98.4,0.79
2020-07-04 01:30:00-05:00,4418,0.0,22.8,98.4,0.79
2020-07-04 02:30:00-05:00,4419,0.0,21.7,98.3,0.87
2020-07-04 03:30:00-05:00,4420,0.0,21.1,98.3,0.9
2020-07-04 04:30:00-05:00,4421,0.0,20.6,98.4,0.93
2020-07-04 05:30:00-05:00,4422,0.0,21.1,98.4,0.93
2020-07-04 06:30:00-05:00,4423,0.0,21.7,98.5,0.93
2020-07-04 07:30:00-05:00,4424,0.0,22.8,98.6,0.9
2020-07-04 08:30:00-05:00,4425,0.0,25.0,98.6,0.82
2020-07-04 09:30:00-05:00,4426,0.0,27.2,98.6,0.74
2020-07-04 10:30:00-05:00,4427,0.0,29.4,98.6,0.63
2020-07-04 11:30:00-05:00,4428,13.733504497496,30.0,98.6,0.57
2020-07-04 12:30:00-05:00,4429,24.869330868088,31.1,98.5,0.47
2020-07-04 13:30:00-05:00,4430,33.57657865532,31.7,98.5,0.47
2020-07-04 14:30:00-05:00,4431,33.939438053536,31.1,98.4,0.5
2020-07-04 15:30:00-05:00,4432,39.5155543933,32.2,98.4,0.47
2020-07-04 16:30:00-05:00,4433,32.981935517152,30.0,98.3,0.53
2020-07-04 17:30:00-05:00,4434,30.951316061694,30.6,98.3,0.5
2020-07-04 18:30:00-05:00,4435,24.751037776554,30.0,98.3,0.51
2020-07-04 19:30:00-05:00,4436,11.992095109234,28.3,98.3,0.59
2020-07-04 20:30:00-05:00,4437,0.7302537049864,27.2,98.4,0.65
2020-07-04 21:30:00-05:00,4438,0.0,26.1,98.4,0.72
2020-07-04 22:30:00-05:00,4439,0.0,26.1,98.4,0.74
2020-07-04 23:30:00-05:00,4440,0.0,25.0,98.4,0.76
2020-07-05 00:30:00-05:00,4441,0.0,24.4,98.4,0.82
2020-07-05 01:30:00-05:00,4442,0.0,23.3,98.3,0.84
2020-07-05 02:30:00-05:00,4443,0.0,23.3,98.3,0.84
2020-07-05 03:30:00-05:00,4444,0.0,22.2,98.3,0.9
2020-07-05 04:30:00-05:00,4445,0.0,21.7,98.4,0.93
2020-07-05 05:30:00-05:00,4446,0.0,21.7,98.4,0.93
2020-07-05 06:30:00-05:00,4447,2.6178319028882,23.9,98.4,0.87
2020-07-05 07:30:00-05:00,4448,5.24379066845,26.1,98.4,0.77
2020-07-05 08:30:00-05:00,4449,21.257642610168,28.3,98.5,0.67
2020-07-05 09:30:00-05:00,4450,39.888425332619995,30.0,98.5,0.61
2020-07-05 10:30:00-05:00,4451,53.59094519624,31.1,98.5,0.55
2020-07-05 11:30:00-05:00,4452,61.97199350264,31.7,98.5,0.47
2020-07-05 12:30:00-05:00,4453,71.51289829369999,32.2,98.4,0.45
2020-07-05 13:30:00-05:00,4454,77.5572040463,32.2,98.3,0.48
2020-07-05 14:30:00-05:00,4455,82.74943048269999,32.8,98.3,0.45
2020-07-05 15:30:00-05:00,4456,82.97218638579999,32.8,98.2,0.44
2020-07-05 16:30:00-05:00,4457,46.7409562453,32.2,98.1,0.47
2020-07-05 17:30:00-05:00,4458,34.76336337752,31.7,98.1,0.48
2020-07-05 18:30:00-05:00,4459,37.202258991545996,30.6,98.1,0.53
2020-07-05 19:30:00-05:00,4460,16.850442780044,29.4,98.1,0.57
2020-07-05 20:30:00-05:00,4461,6.045646806001999,27.8,98.1,0.63
2020-07-05 21:30:00-05:00,4462,0.0,27.8,98.2,0.63
2020-07-05 22:30:00-05:00,4463,0.0,26.7,98.2,0.72
2020-07-05 23:30:00-05:00,4464,0.0,26.7,98.1,0.72
2020-07-06 00:30:00-05:00,4465,0.0,25.0,98.1,0.79
2020-07-06 01:30:00-05:00,4466,0.0,23.9,98.1,0.87
2020-07-06 02:30:00-05:00,4467,0.0,22.8,98.0,0.9
2020-07-06 03:30:00-05:00,4468,0.0,22.8,98.0,0.87
2020-07-06 04:30:00-05:00,4469,0.0,22.8,98.1,0.87
2020-07-06 05:30:00-05:00,4470,0.0,22.8,98.1,0.87
2020-07-06 06:30:00-05:00,4471,3.6653347266042,23.9,98.1,0.82
2020-07-06 07:30:00-05:00,4472,5.61012790126,26.7,98.1,0.72
2020-07-06 08:30:00-05:00,4473,28.282228948718,29.4,98.1,0.63
2020-07-06 09:30:00-05:00,4474,43.59774711594,30.0,98.1,0.57
2020-07-06 10:30:00-05:00,4475,55.63240944696,31.1,98.1,0.57
2020-07-06 11:30:00-05:00,4476,65.96616482534,31.7,98.1,0.55
2020-07-06 12:30:00-05:00,4477,77.38959436298,32.8,98.0,0.5
2020-07-06 13:30:00-05:00,4478,85.43848446722,33.3,97.9,0.49
2020-07-06 14:30:00-05:00,4479,91.70864952021999,33.3,97.9,0.44
2020-07-06 15:30:00-05:00,4480,93.74619093138,33.9,97.8,0.44
2020-07-06 16:30:00-05:00,4481,55.16248328144,33.3,97.8,0.47
2020-07-06 17:30:00-05:00,4482,40.80557757402,32.2,97.8,0.52
2020-07-06 18:30:00-05:00,4483,44.97771154893999,31.7,97.8,0.54
2020-07-06 19:30:00-05:00,4484,19.959846386149998,28.9,97.8,0.65
2020-07-06 20:30:00-05:00,4485,6.762653777002,28.3,97.8,0.67
2020-07-06 21:30:00-05:00,4486,0.0,27.8,97.8,0.65
2020-07-06 22:30:00-05:00,4487,0.0,27.2,97.8,0.69
2020-07-06 23:30:00-05:00,4488,0.0,26.7,97.8,0.74
2020-07-07 00:30:00-05:00,4489,0.0,26.7,97.8,0.72
2020-07-07 01:30:00-05:00,4490,0.0,26.7,97.8,0.72
2020-07-07 02:30:00-05:00,4491,0.0,26.1,97.8,0.69
2020-07-07 03:30:00-05:00,4492,0.0,25.6,97.8,0.71
2020-07-07 04:30:00-05:00,4493,0.0,23.3,97.8,0.82
2020-07-07 05:30:00-05:00,4494,0.0,23.9,97.9,0.82
2020-07-07 06:30:00-05:00,4495,4.83177801742,25.0,97.9,0.82
2020-07-07 07:30:00-05:00,4496,14.903125764863999,26.7,97.9,0.77
2020-07-07 08:30:00-05:00,4497,36.631906695256,29.4,97.9,0.65
2020-07-07 09:30:00-05:00,4498,49.49846185966,31.1,97.9,0.57
2020-07-07 10:30:00-05:00,4499,63.22318413679999,32.2,97.9,0.52
2020-07-07 11:30:00-05:00,4500,74.47747583708001,33.3,97.9,0.52
2020-07-07 12:30:00-05:00,4501,85.61011127912,33.9,97.8,0.46
2020-07-07 13:30:00-05:00,4502,91.42432336092,34.4,97.8,0.41
2020-07-07 14:30:00-05:00,4503,98.98543240721999,35.0,97.7,0.4
2020-07-07 15:30:00-05:00,4504,104.77696527506,35.6,97.7,0.39
2020-07-07 16:30:00-05:00,4505,64.3681848893,35.0,97.7,0.39
2020-07-07 17:30:00-05:00,4506,48.90542815358,33.9,97.7,0.41
2020-07-07 18:30:00-05:00,4507,54.26211357131999,33.3,97.7,0.42
2020-07-07 19:30:00-05:00,4508,27.750346218732,31.1,97.7,0.52
2020-07-07 20:30:00-05:00,4509,18.045682427498,30.6,97.7,0.52
2020-07-07 21:30:00-05:00,4510,3.7797146508588,29.4,97.8,0.57
2020-07-07 22:30:00-05:00,4511,0.0,27.8,97.8,0.65
2020-07-07 23:30:00-05:00,4512,0.0,27.8,97.8,0.67
2020-07-08 00:30:00-05:00,4513,0.0,26.7,97.8,0.72
2020-07-08 01:30:00-05:00,4514,0.0,24.4,97.8,0.82
2020-07-08 02:30:00-05:00,4515,0.0,24.4,97.8,0.82
2020-07-08 03:30:00-05:00,4516,0.0,23.3,97.9,0.87
2020-07-08 04:30:00-05:00,4517,0.0,22.8,97.9,0.9
2020-07-08 05:30:00-05:00,4518,0.0,23.3,97.9,0.84
2020-07-08 06:30:00-05:00,4519,0.0,23.9,97.9,0.82
2020-07-08 07:30:00-05:00,4520,4.476414058328,26.7,98.0,0.72
2020-07-08 08:30:00-05:00,4521,14.240294248354,29.4,98.0,0.65
2020-07-08 09:30:00-05:00,4522,36.120902374734,31.7,98.0,0.57
2020-07-08 10:30:00-05:00,4523,55.41126118972,33.9,98.1,0.47
2020-07-08 11:30:00-05:00,4524,66.43787500878,34.4,98.1,0.43
2020-07-08 12:30:00-05:00,4525,75.83900404302,35.6,98.0,0.4
2020-07-08 13:30:00-05:00,4526,84.41244561753999,36.1,98.0,0.39
2020-07-08 14:30:00-05:00,4527,91.07120985508,36.7,97.9,0.35
2020-07-08 15:30:00-05:00,4528,65.06384334325999,36.7,97.8,0.35
2020-07-08 16:30:00-05:00,4529,51.26011854248,34.4,97.7,0.4
2020-07-08 17:30:00-05:00,4530,59.12139169778,34.4,97.8,0.4
2020-07-08 18:30:00-05:00,4531,30.817675292887994,31.7,97.9,0.5
2020-07-08 19:30:00-05:00,4532,19.746053673009996,28.3,97.9,0.61
2020-07-08 20:30:00-05:00,4533,3.0404893296404,25.6,98.0,0.74
2020-07-08 21:30:00-05:00,4534,0.0,25.0,98.2,0.76
2020-07-08 22:30:00-05:00,4535,0.0,24.4,98.2,0.79
2020-07-08 23:30:00-05:00,4536,0.0,23.9,98.2,0.79
2020-07-09 00:30:00-05:00,4537,0.0,23.3,98.3,0.84
2020-07-09 01:30:00-05:00,4538,0.0,22.8,98.1,0.87
2020-07-09 02:30:00-05:00,4539,0.0,21.7,98.1,0.93
2020-07-09 03:30:00-05:00,4540,0.0,21.1,98.1,0.97
2020-07-09 04:30:00-05:00,4541,0.0,20.6,98.2,1.0
2020-07-09 05:30:00-05:00,4542,0.0,20.0,98.2,1.0
2020-07-09 06:30:00-05:00,4543,0.0,21.1,98.2,0.93
2020-07-09 07:30:00-05:00,4544,0.0,22.8,98.3,0.87
2020-07-09 08:30:00-05:00,4545,0.0,25.0,98.3,0.79
2020-07-09 09:30:00-05:00,4546,0.0,28.3,98.3,0.65
2020-07-09 10:30:00-05:00,4547,0.0,29.4,98.3,0.59
2020-07-09 11:30:00-05:00,4548,15.805322729683997,31.1,98.3,0.53
2020-07-09 12:30:00-05:00,4549,27.398877550644,31.7,98.2,0.52
2020-07-09 13:30:00-05:00,4550,36.995355876614,32.8,98.2,0.47
2020-07-09 14:30:00-05:00,4551,41.12620166278,33.9,98.1,0.41
2020-07-09 15:30:00-05:00,4552,48.51039373668,33.9,98.0,0.41
2020-07-09 16:30:00-05:00,4553,43.361007910139996,33.3,98.0,0.41
2020-07-09 17:30:00-05:00,4554,44.482572940119994,32.8,98.0,0.42
2020-07-09 18:30:00-05:00,4555,34.821056662402,32.2,98.1,0.44
2020-07-09 19:30:00-05:00,4556,20.77057392907,29.4,98.1,0.57
2020-07-09 20:30:00-05:00,4557,0.0,27.8,98.2,0.63
2020-07-09 21:30:00-05:00,4558,0.0,26.1,98.2,0.67
2020-07-09 22:30:00-05:00,4559,0.0,25.0,98.2,0.71
2020-07-09 23:30:00-05:00,4560,0.0,24.4,98.2,0.74
2020-07-10 00:30:00-05:00,4561,0.0,22.8,98.2,0.82
2020-07-10 01:30:00-05:00,4562,0.0,22.8,98.2,0.82
2020-07-10 02:30:00-05:00,4563,0.0,22.2,98.2,0.84
2020-07-10 03:30:00-05:00,4564,0.0,21.7,98.3,0.87
2020-07-10 04:30:00-05:00,4565,0.0,21.1,98.3,0.9
2020-07-10 05:30:00-05:00,4566,0.0,20.0,98.3,0.93
2020-07-10 06:30:00-05:00,4567,1.4271651477663998,21.1,98.3,0.9
2020-07-10 07:30:00-05:00,4568,3.548674297151,23.3,98.3,0.79
2020-07-10 08:30:00-05:00,4569,6.208181567775999,25.6,98.4,0.67
2020-07-10 09:30:00-05:00,4570,21.530667886464,27.2,98.4,0.56
2020-07-10 10:30:00-05:00,4571,35.449843544306,28.9,98.4,0.53
2020-07-10 11:30:00-05:00,4572,47.364779228319996,30.6,98.4,0.46
2020-07-10 12:30:00-05:00,4573,59.791898163019994,31.1,98.3,0.45
2020-07-10 13:30:00-05:00,4574,67.47686387883999,32.2,98.3,0.42
2020-07-10 14:30:00-05:00,4575,73.88293024133999,32.2,98.2,0.42
2020-07-10 15:30:00-05:00,4576,76.22583118838,32.8,98.1,0.41
2020-07-10 16:30:00-05:00,4577,41.8800864763,32.2,98.1,0.41
2020-07-10 17:30:00-05:00,4578,26.889358927483997,30.6,98.1,0.46
2020-07-10 18:30:00-05:00,4579,23.84095809409,30.0,98.1,0.51
2020-07-10 19:30:00-05:00,4580,9.080206360252,28.3,98.2,0.57
2020-07-10 20:30:00-05:00,4581,0.0,26.7,98.2,0.62
2020-07-10 21:30:00-05:00,4582,0.0,25.6,98.3,0.69
2020-07-10 22:30:00-05:00,4583,0.0,24.4,98.3,0.69
2020-07-10 23:30:00-05:00,4584,0.0,23.9,98.3,0.74
2020-07-11 00:30:00-05:00,4585,0.0,23.3,98.3,0.79
2020-07-11 01:30:00-05:00,4586,0.0,21.1,98.3,0.9
2020-07-11 02:30:00-05:00,4587,0.0,20.6,98.3,0.93
2020-07-11 03:30:00-05:00,4588,0.0,20.0,98.3,0.97
2020-07-11 04:30:00-05:00,4589,0.0,20.6,98.3,0.93
2020-07-11 05:30:00-05:00,4590,0.0,20.0,98.3,0.97
2020-07-11 06:30:00-05:00,4591,0.741092365441,21.7,98.4,0.9
2020-07-11 07:30:00-05:00,4592,3.6696154456992,24.4,98.4,0.79
2020-07-11 08:30:00-05:00,4593,6.968181141225999,26.1,98.4,0.69
2020-07-11 09:30:00-05:00,4594,23.630013006254,27.2,98.4,0.67
2020-07-11 10:30:00-05:00,4595,38.677697998679996,28.9,98.4,0.57
2020-07-11 11:30:00-05:00,4596,48.98427964888,30.0,98.4,0.5
2020-07-11 12:30:00-05:00,4597,60.12643884472,30.6,98.3,0.46
2020-07-11 13:30:00-05:00,4598,68.73582202118,32.2,98.3,0.44
2020-07-11 14:30:00-05:00,4599,73.6411355011,31.1,98.2,0.45
2020-07-11 15:30:00-05:00,4600,70.46530296856,31.1,98.1,0.47
2020-07-11 16:30:00-05:00,4601,33.997147766691995,30.6,98.1,0.48
2020-07-11 17:30:00-05:00,4602,17.884536008226,28.3,98.1,0.57
2020-07-11 18:30:00-05:00,4603,7.634439671966,25.6,98.2,0.71
2020-07-11 19:30:00-05:00,4604,0.0,25.6,98.2,0.71
2020-07-11 20:30:00-05:00,4605,0.0,26.7,98.2,0.6
2020-07-11 21:30:00-05:00,4606,0.0,25.6,98.3,0.67
2020-07-11 22:30:00-05:00,4607,0.0,23.9,98.3,0.76
2020-07-11 23:30:00-05:00,4608,0.0,23.3,98.2,0.82
2020-07-12 00:30:00-05:00,4609,0.0,22.8,98.2,0.84
2020-07-12 01:30:00-05:00,4610,0.0,22.2,98.2,0.84
2020-07-12 02:30:00-05:00,4611,0.0,21.1,98.2,0.93
2020-07-12 03:30:00-05:00,4612,0.0,20.6,98.2,0.93
2020-07-12 04:30:00-05:00,4613,0.0,20.6,98.2,0.97
2020-07-12 05:30:00-05:00,4614,0.0,20.6,98.3,0.97
2020-07-12 06:30:00-05:00,4615,0.8617867661648,21.1,98.4,0.93
2020-07-12 07:30:00-05:00,4616,3.3353484228574,22.8,98.4,0.87
2020-07-12 08:30:00-05:00,4617,5.012197779241999,24.4,98.5,0.82
2020-07-12 09:30:00-05:00,4618,16.070345625576,27.2,98.4,0.72
2020-07-12 10:30:00-05:00,4619,37.649994584384004,28.3,98.4,0.65
2020-07-12 11:30:00-05:00,4620,44.99565442656,29.4,98.4,0.61
2020-07-12 12:30:00-05:00,4621,54.09458548616,30.0,98.4,0.57
2020-07-12 13:30:00-05:00,4622,63.56925038798,30.6,98.3,0.52
2020-07-12 14:30:00-05:00,4623,71.36124651696,31.1,98.2,0.52
2020-07-12 15:30:00-05:00,4624,74.45413899056,31.1,98.2,0.52
2020-07-12 16:30:00-05:00,4625,41.63991100308,31.7,98.2,0.47
2020-07-12 17:30:00-05:00,4626,34.849205909671994,32.2,98.2,0.44
2020-07-12 18:30:00-05:00,4627,41.62703324844,31.1,98.2,0.48
2020-07-12 19:30:00-05:00,4628,18.65087375512,28.9,98.2,0.61
2020-07-12 20:30:00-05:00,4629,5.852172458591999,27.8,98.2,0.67
2020-07-12 21:30:00-05:00,4630,0.0,27.2,98.3,0.67
2020-07-12 22:30:00-05:00,4631,0.0,26.1,98.4,0.69
2020-07-12 23:30:00-05:00,4632,0.0,25.6,98.4,0.74
2020-07-13 00:30:00-05:00,4633,0.0,24.4,98.4,0.79
2020-07-13 01:30:00-05:00,4634,0.0,22.8,98.3,0.87
2020-07-13 02:30:00-05:00,4635,0.0,22.8,98.3,0.87
2020-07-13 03:30:00-05:00,4636,0.0,22.2,98.3,0.9
2020-07-13 04:30:00-05:00,4637,0.0,22.8,98.3,0.9
2020-07-13 05:30:00-05:00,4638,0.0,22.8,98.4,0.9
2020-07-13 06:30:00-05:00,4639,3.0100606641123995,23.3,98.4,0.84
2020-07-13 07:30:00-05:00,4640,5.15712044895,26.7,98.5,0.72
2020-07-13 08:30:00-05:00,4641,19.263492825321997,28.3,98.5,0.63
2020-07-13 09:30:00-05:00,4642,38.019652023,30.0,98.6,0.57
2020-07-13 10:30:00-05:00,4643,53.44560719664,31.1,98.6,0.52
2020-07-13 11:30:00-05:00,4644,66.17262229816,32.2,98.5,0.48
2020-07-13 12:30:00-05:00,4645,79.92203557955999,33.3,98.5,0.45
2020-07-13 13:30:00-05:00,4646,87.13310405652,33.3,98.4,0.44
2020-07-13 14:30:00-05:00,4647,93.46570664656,34.4,98.3,0.38
2020-07-13 15:30:00-05:00,4648,95.77321167203999,34.4,98.3,0.4
2020-07-13 16:30:00-05:00,4649,56.72952060332,34.4,98.2,0.36
2020-07-13 17:30:00-05:00,4650,42.46507857032,33.9,98.2,0.38
2020-07-13 18:30:00-05:00,4651,34.213379121244,26.7,98.5,0.67
2020-07-13 19:30:00-05:00,4652,2.2057617212984,22.8,98.5,0.84
2020-07-13 20:30:00-05:00,4653,0.0,23.3,98.4,0.84
2020-07-13 21:30:00-05:00,4654,0.0,23.3,98.4,0.84
2020-07-13 22:30:00-05:00,4655,0.0,24.4,98.5,0.76
2020-07-13 23:30:00-05:00,4656,0.0,24.4,98.5,0.82
2020-07-14 00:30:00-05:00,4657,0.0,23.9,98.4,0.85
2020-07-14 01:30:00-05:00,4658,0.0,23.9,98.4,0.82
2020-07-14 02:30:00-05:00,4659,0.0,23.3,98.4,0.87
2020-07-14 03:30:00-05:00,4660,0.0,22.8,98.4,0.93
2020-07-14 04:30:00-05:00,4661,0.0,23.3,98.4,0.87
2020-07-14 05:30:00-05:00,4662,0.0,23.3,98.5,0.82
2020-07-14 06:30:00-05:00,4663,3.5939735424498,24.4,98.5,0.76
2020-07-14 07:30:00-05:00,4664,5.541412966227999,27.2,98.6,0.67
2020-07-14 08:30:00-05:00,4665,24.77427951447,28.9,98.6,0.59
2020-07-14 09:30:00-05:00,4666,42.05522273944,30.6,98.6,0.55
2020-07-14 10:30:00-05:00,4667,57.14585862772,31.7,98.6,0.54
2020-07-14 11:30:00-05:00,4668,70.44485141643999,33.3,98.5,0.49
2020-07-14 12:30:00-05:00,4669,83.99488433894,33.9,98.5,0.46
2020-07-14 13:30:00-05:00,4670,92.51585427846,34.4,98.4,0.43
2020-07-14 14:30:00-05:00,4671,99.75945636383999,35.0,98.4,0.4
2020-07-14 15:30:00-05:00,4672,97.83252155913999,33.9,98.3,0.43
2020-07-14 16:30:00-05:00,4673,55.06948251426,34.4,98.2,0.41
2020-07-14 17:30:00-05:00,4674,36.914328776928,32.8,98.2,0.45
2020-07-14 18:30:00-05:00,4675,30.472064248837995,28.9,98.2,0.55
2020-07-14 19:30:00-05:00,4676,11.961796227119999,30.0,98.3,0.5
2020-07-14 20:30:00-05:00,4677,0.0,28.3,98.3,0.55
2020-07-14 21:30:00-05:00,4678,0.0,27.8,98.4,0.58
2020-07-14 22:30:00-05:00,4679,0.0,27.8,98.4,0.55
2020-07-14 23:30:00-05:00,4680,0.0,27.8,98.3,0.55
2020-07-15 00:30:00-05:00,4681,0.0,24.4,98.4,0.74
2020-07-15 01:30:00-05:00,4682,0.0,24.4,98.3,0.74
2020-07-15 02:30:00-05:00,4683,0.0,23.9,98.3,0.74
2020-07-15 03:30:00-05:00,4684,0.0,23.9,98.3,0.74
2020-07-15 04:30:00-05:00,4685,0.0,23.9,98.3,0.74
2020-07-15 05:30:00-05:00,4686,0.0,24.4,98.4,0.74
2020-07-15 06:30:00-05:00,4687,0.0,24.4,98.4,0.74
2020-07-15 07:30:00-05:00,4688,4.0958749320739996,26.7,98.5,0.67
2020-07-15 08:30:00-05:00,4689,6.346352329692,28.3,98.5,0.63
2020-07-15 09:30:00-05:00,4690,22.120773774015998,30.0,98.5,0.59
2020-07-15 10:30:00-05:00,4691,37.241895177875996,31.1,98.5,0.59
2020-07-15 11:30:00-05:00,4692,50.11975833934,32.8,98.4,0.52
2020-07-15 12:30:00-05:00,4693,61.60181882634,33.3,98.4,0.5
2020-07-15 13:30:00-05:00,4694,67.22802698772,33.9,98.3,0.47
2020-07-15 14:30:00-05:00,4695,68.61959124638,32.8,98.3,0.5
2020-07-15 15:30:00-05:00,4696,42.442697198839994,33.3,98.2,0.47
2020-07-15 16:30:00-05:00,4697,36.364350706102,33.3,98.2,0.47
2020-07-15 17:30:00-05:00,4698,47.658512716640004,33.3,98.2,0.47
2020-07-15 18:30:00-05:00,4699,28.563638176452,31.7,98.2,0.5
2020-07-15 19:30:00-05:00,4700,22.442406046324,30.6,98.2,0.55
2020-07-15 20:30:00-05:00,4701,4.234242552572,29.4,98.3,0.59
2020-07-15 21:30:00-05:00,4702,0.0,28.9,98.3,0.61
2020-07-15 22:30:00-05:00,4703,0.0,28.3,98.4,0.63
2020-07-15 23:30:00-05:00,4704,0.0,26.7,98.4,0.72
2020-07-16 00:30:00-05:00,4705,0.0,26.7,98.4,0.69
2020-07-16 01:30:00-05:00,4706,0.0,25.6,98.4,0.74
2020-07-16 02:30:00-05:00,4707,0.0,25.6,98.4,0.71
2020-07-16 03:30:00-05:00,4708,0.0,24.4,98.4,0.76
2020-07-16 04:30:00-05:00,4709,0.0,23.9,98.4,0.79
2020-07-16 05:30:00-05:00,4710,0.0,22.8,98.4,0.84
2020-07-16 06:30:00-05:00,4711,0.0,23.3,98.5,0.82
2020-07-16 07:30:00-05:00,4712,0.0,25.6,98.5,0.74
2020-07-16 08:30:00-05:00,4713,0.0,27.8,98.5,0.67
2020-07-16 09:30:00-05:00,4714,0.0,29.4,98.5,0.61
2020-07-16 10:30:00-05:00,4715,14.803617671344,30.6,98.6,0.57
2020-07-16 11:30:00-05:00,4716,29.091838617024,32.2,98.5,0.52
2020-07-16 12:30:00-05:00,4717,38.10753013824,32.2,98.5,0.52
2020-07-16 13:30:00-05:00,4718,38.655330076919995,33.9,98.4,0.41
2020-07-16 14:30:00-05:00,4719,44.79074973482,33.3,98.4,0.4
2020-07-16 15:30:00-05:00,4720,42.49577949992,33.3,98.3,0.4
2020-07-16 16:30:00-05:00,4721,45.2220541508,32.8,98.3,0.42
2020-07-16 17:30:00-05:00,4722,38.770587354419995,32.8,98.2,0.42
2020-07-16 18:30:00-05:00,4723,33.241093153856,31.1,98.3,0.45
2020-07-16 19:30:00-05:00,4724,13.49096314857,30.0,98.3,0.48
2020-07-16 20:30:00-05:00,4725,7.308365557694,29.4,98.4,0.49
2020-07-16 21:30:00-05:00,4726,0.0,28.9,98.4,0.53
2020-07-16 22:30:00-05:00,4727,0.0,28.3,98.4,0.53
2020-07-16 23:30:00-05:00,4728,0.0,27.2,98.4,0.56
2020-07-17 00:30:00-05:00,4729,0.0,25.0,98.4,0.71
2020-07-17 01:30:00-05:00,4730,0.0,23.9,98.4,0.74
2020-07-17 02:30:00-05:00,4731,0.0,22.8,98.4,0.76
2020-07-17 03:30:00-05:00,4732,0.0,22.8,98.4,0.76
2020-07-17 04:30:00-05:00,4733,0.0,21.7,98.4,0.81
2020-07-17 05:30:00-05:00,4734,0.0,21.7,98.5,0.81
2020-07-17 06:30:00-05:00,4735,2.4877804057814,21.7,98.5,0.81
2020-07-17 07:30:00-05:00,4736,4.0655801486400005,23.9,98.5,0.74
2020-07-17 08:30:00-05:00,4737,10.168017548421998,26.1,98.6,0.67
2020-07-17 09:30:00-05:00,4738,26.654028113556,27.8,98.5,0.61
2020-07-17 10:30:00-05:00,4739,40.71134029748,28.3,98.5,0.61
2020-07-17 11:30:00-05:00,4740,47.38508296006,28.3,98.6,0.61
2020-07-17 12:30:00-05:00,4741,52.51597370362,29.4,98.5,0.55
2020-07-17 13:30:00-05:00,4742,55.66085575866,29.4,98.4,0.51
2020-07-17 14:30:00-05:00,4743,61.08166450402,30.6,98.3,0.5
2020-07-17 15:30:00-05:00,4744,69.54462765634,32.2,98.2,0.41
2020-07-17 16:30:00-05:00,4745,41.315777699819996,32.8,98.3,0.39
2020-07-17 17:30:00-05:00,4746,31.89496454303,31.7,98.2,0.42
2020-07-17 18:30:00-05:00,4747,31.258223742426,30.0,98.3,0.51
2020-07-17 19:30:00-05:00,4748,12.653408245418,28.9,98.3,0.53
2020-07-17 20:30:00-05:00,4749,0.0,26.1,98.4,0.62
2020-07-17 21:30:00-05:00,4750,0.0,25.6,98.5,0.62
2020-07-17 22:30:00-05:00,4751,0.0,25.0,98.5,0.67
2020-07-17 23:30:00-05:00,4752,0.0,23.3,98.4,0.74
2020-07-18 00:30:00-05:00,4753,0.0,23.3,98.4,0.76
2020-07-18 01:30:00-05:00,4754,0.0,22.2,98.4,0.82
2020-07-18 02:30:00-05:00,4755,0.0,21.7,98.4,0.84
2020-07-18 03:30:00-05:00,4756,0.0,21.1,98.4,0.87
2020-07-18 04:30:00-05:00,4757,0.0,21.1,98.4,0.9
2020-07-18 05:30:00-05:00,4758,0.0,21.1,98.4,0.9
2020-07-18 06:30:00-05:00,4759,1.612768460545,21.7,98.5,0.87
2020-07-18 07:30:00-05:00,4760,3.5292812977234,23.3,98.5,0.79
2020-07-18 08:30:00-05:00,4761,5.452957708394,25.6,98.5,0.67
2020-07-18 09:30:00-05:00,4762,20.426654746784,26.7,98.5,0.6
2020-07-18 10:30:00-05:00,4763,35.012867813424,27.8,98.5,0.58
2020-07-18 11:30:00-05:00,4764,46.56303864436,28.9,98.5,0.53
2020-07-18 12:30:00-05:00,4765,57.449071289379994,30.0,98.4,0.5
2020-07-18 13:30:00-05:00,4766,62.56420275653999,30.0,98.4,0.5
2020-07-18 14:30:00-05:00,4767,69.19313239152,31.7,98.3,0.45
2020-07-18 15:30:00-05:00,4768,74.52177022206,31.7,98.3,0.45
2020-07-18 16:30:00-05:00,4769,41.35860879524,31.7,98.2,0.45
2020-07-18 17:30:00-05:00,4770,27.96765866386,31.1,98.2,0.47
2020-07-18 18:30:00-05:00,4771,13.794684563084,23.3,98.4,0.9
2020-07-18 19:30:00-05:00,4772,0.0,22.8,98.4,0.93
2020-07-18 20:30:00-05:00,4773,0.0,22.8,98.4,0.9
2020-07-18 21:30:00-05:00,4774,0.0,22.8,98.4,0.9
2020-07-18 22:30:00-05:00,4775,0.0,22.8,98.4,0.9
2020-07-18 23:30:00-05:00,4776,0.0,22.2,98.4,0.97
2020-07-19 00:30:00-05:00,4777,0.0,22.2,98.4,0.93
2020-07-19 01:30:00-05:00,4778,0.0,22.2,98.4,0.93
2020-07-19 02:30:00-05:00,4779,0.0,21.7,98.4,0.93
2020-07-19 03:30:00-05:00,4780,0.0,21.7,98.4,0.93
2020-07-19 04:30:00-05:00,4781,0.0,21.1,98.3,0.97
2020-07-19 05:30:00-05:00,4782,0.0,20.6,98.4,0.97
2020-07-19 06:30:00-05:00,4783,1.1653403378898,21.1,98.4,0.93
2020-07-19 07:30:00-05:00,4784,2.9966350212696,21.7,98.5,0.97
2020-07-19 08:30:00-05:00,4785,4.0717441240420005,22.2,98.5,0.97
2020-07-19 09:30:00-05:00,4786,4.8741394698519995,23.3,98.5,0.9
2020-07-19 10:30:00-05:00,4787,8.944130567139998,25.0,98.5,0.85
2020-07-19 11:30:00-05:00,4788,24.357099852845998,26.7,98.5,0.74
2020-07-19 12:30:00-05:00,4789,40.7728304037,28.9,98.4,0.63
2020-07-19 13:30:00-05:00,4790,51.16016743318,29.4,98.3,0.59
2020-07-19 14:30:00-05:00,4791,60.70887700092,30.6,98.3,0.57
2020-07-19 15:30:00-05:00,4792,69.13384000314,31.7,98.3,0.5
2020-07-19 16:30:00-05:00,4793,37.687575146882004,31.7,98.2,0.5
2020-07-19 17:30:00-05:00,4794,28.684045404864,31.7,98.2,0.48
2020-07-19 18:30:00-05:00,4795,32.086751643282,30.0,98.2,0.53
2020-07-19 19:30:00-05:00,4796,10.611379158138,27.2,98.2,0.67
2020-07-19 20:30:00-05:00,4797,0.0,25.6,98.3,0.74
2020-07-19 21:30:00-05:00,4798,0.0,25.6,98.4,0.74
2020-07-19 22:30:00-05:00,4799,0.0,23.3,98.4,0.84
2020-07-19 23:30:00-05:00,4800,0.0,22.8,98.4,0.87
2020-07-20 00:30:00-05:00,4801,0.0,22.8,98.4,0.87
2020-07-20 01:30:00-05:00,4802,0.0,22.8,98.3,0.87
2020-07-20 02:30:00-05:00,4803,0.0,21.7,98.3,0.93
2020-07-20 03:30:00-05:00,4804,0.0,21.1,98.3,0.97
2020-07-20 04:30:00-05:00,4805,0.0,21.1,98.2,0.97
2020-07-20 05:30:00-05:00,4806,0.0,21.1,98.3,0.97
2020-07-20 06:30:00-05:00,4807,1.3269189318496,21.7,98.4,0.93
2020-07-20 07:30:00-05:00,4808,3.829215233796,23.9,98.5,0.82
2020-07-20 08:30:00-05:00,4809,6.41450083072,26.1,98.5,0.67
2020-07-20 09:30:00-05:00,4810,22.706355550401998,27.8,98.5,0.61
2020-07-20 10:30:00-05:00,4811,38.11964983734,28.9,98.5,0.57
2020-07-20 11:30:00-05:00,4812,48.514280263059995,30.0,98.5,0.53
2020-07-20 12:30:00-05:00,4813,58.38289512904,30.6,98.4,0.52
2020-07-20 13:30:00-05:00,4814,66.75043123964,31.1,98.3,0.5
2020-07-20 14:30:00-05:00,4815,76.9773631084,32.8,98.2,0.45
2020-07-20 15:30:00-05:00,4816,83.54255328036,32.8,98.2,0.45
2020-07-20 16:30:00-05:00,4817,47.9894501441,32.8,98.1,0.45
2020-07-20 17:30:00-05:00,4818,35.979111680909995,32.2,98.1,0.45
2020-07-20 18:30:00-05:00,4819,41.939066929899994,31.7,98.1,0.47
2020-07-20 19:30:00-05:00,4820,19.467725653691996,29.4,98.2,0.55
2020-07-20 20:30:00-05:00,4821,6.563200767992,28.3,98.2,0.61
2020-07-20 21:30:00-05:00,4822,0.0,27.8,98.3,0.63
2020-07-20 22:30:00-05:00,4823,0.0,26.1,98.3,0.67
2020-07-20 23:30:00-05:00,4824,0.0,24.4,98.3,0.74
2020-07-21 00:30:00-05:00,4825,0.0,24.4,98.3,0.76
2020-07-21 01:30:00-05:00,4826,0.0,23.9,98.3,0.79
2020-07-21 02:30:00-05:00,4827,0.0,22.8,98.2,0.82
2020-07-21 03:30:00-05:00,4828,0.0,22.8,98.2,0.82
2020-07-21 04:30:00-05:00,4829,0.0,22.8,98.3,0.84
2020-07-21 05:30:00-05:00,4830,0.0,22.8,98.3,0.82
2020-07-21 06:30:00-05:00,4831,3.008025301603,23.3,98.4,0.82
2020-07-21 07:30:00-05:00,4832,4.87099400089,25.6,98.4,0.74
2020-07-21 08:30:00-05:00,4833,18.423540255702,28.9,98.5,0.63
2020-07-21 09:30:00-05:00,4834,38.158291709400004,30.0,98.4,0.59
2020-07-21 10:30:00-05:00,4835,52.5497618885,31.1,98.5,0.55
2020-07-21 11:30:00-05:00,4836,64.16936579838,32.2,98.4,0.48
2020-07-21 12:30:00-05:00,4837,75.12294546348001,32.8,98.4,0.47
2020-07-21 13:30:00-05:00,4838,80.87659757304,32.8,98.3,0.45
2020-07-21 14:30:00-05:00,4839,84.7094075414,33.3,98.2,0.44
2020-07-21 15:30:00-05:00,4840,86.29603481176,33.3,98.1,0.42
2020-07-21 16:30:00-05:00,4841,51.58917129154,33.9,98.0,0.41
2020-07-21 17:30:00-05:00,4842,40.730565005159995,33.3,98.0,0.42
2020-07-21 18:30:00-05:00,4843,46.0416255348,31.7,98.0,0.47
2020-07-21 19:30:00-05:00,4844,20.734182181713997,29.4,98.0,0.53
2020-07-21 20:30:00-05:00,4845,7.39380077233,28.9,98.1,0.55
2020-07-21 21:30:00-05:00,4846,0.0,27.8,98.1,0.56
2020-07-21 22:30:00-05:00,4847,0.0,26.7,98.1,0.58
2020-07-21 23:30:00-05:00,4848,0.0,26.1,98.1,0.6
2020-07-22 00:30:00-05:00,4849,0.0,25.0,98.1,0.67
2020-07-22 01:30:00-05:00,4850,0.0,25.0,98.1,0.67
2020-07-22 02:30:00-05:00,4851,0.0,23.3,98.1,0.74
2020-07-22 03:30:00-05:00,4852,0.0,22.2,98.1,0.82
2020-07-22 04:30:00-05:00,4853,0.0,21.7,98.1,0.87
2020-07-22 05:30:00-05:00,4854,0.0,21.7,98.1,0.87
2020-07-22 06:30:00-05:00,4855,0.0,22.8,98.2,0.82
2020-07-22 07:30:00-05:00,4856,2.9565421870244,25.6,98.1,0.71
2020-07-22 08:30:00-05:00,4857,4.8167084467959995,27.8,98.2,0.65
2020-07-22 09:30:00-05:00,4858,20.186276897647996,30.0,98.2,0.61
2020-07-22 10:30:00-05:00,4859,40.36318100402,32.2,98.2,0.52
2020-07-22 11:30:00-05:00,4860,51.45557356408,32.8,98.2,0.49
2020-07-22 12:30:00-05:00,4861,59.79577621502,33.9,98.1,0.44
2020-07-22 13:30:00-05:00,4862,57.295746143879995,31.7,98.0,0.5
2020-07-22 14:30:00-05:00,4863,48.33908462188,30.0,98.0,0.59
2020-07-22 15:30:00-05:00,4864,28.297732450309997,32.2,98.0,0.52
2020-07-22 16:30:00-05:00,4865,21.946142458523997,28.9,98.0,0.67
2020-07-22 17:30:00-05:00,4866,10.230258004314,24.4,98.1,0.71
2020-07-22 18:30:00-05:00,4867,0.0,23.9,98.0,0.76
2020-07-22 19:30:00-05:00,4868,0.0,22.8,98.1,0.84
2020-07-22 20:30:00-05:00,4869,0.0,22.8,98.1,0.84
2020-07-22 21:30:00-05:00,4870,0.0,22.2,98.1,0.87
2020-07-22 22:30:00-05:00,4871,0.0,21.7,98.1,0.9
2020-07-22 23:30:00-05:00,4872,0.0,21.7,98.1,0.9
2020-07-23 00:30:00-05:00,4873,0.0,21.7,98.1,0.93
2020-07-23 01:30:00-05:00,4874,0.0,22.2,98.1,0.9
2020-07-23 02:30:00-05:00,4875,0.0,21.7,98.1,0.93
2020-07-23 03:30:00-05:00,4876,0.0,21.7,98.1,0.93
2020-07-23 04:30:00-05:00,4877,0.0,22.2,98.1,0.93
2020-07-23 05:30:00-05:00,4878,0.0,21.7,98.2,0.93
2020-07-23 06:30:00-05:00,4879,0.0,22.2,98.3,0.9
2020-07-23 07:30:00-05:00,4880,0.0,23.9,98.3,0.85
2020-07-23 08:30:00-05:00,4881,0.0,26.7,98.3,0.72
2020-07-23 09:30:00-05:00,4882,0.0,27.2,98.4,0.69
2020-07-23 10:30:00-05:00,4883,0.0,27.8,98.4,0.69
2020-07-23 11:30:00-05:00,4884,0.0,27.2,98.4,0.72
2020-07-23 12:30:00-05:00,4885,0.0,29.4,98.3,0.63
2020-07-23 13:30:00-05:00,4886,12.757365586,29.4,98.3,0.61
2020-07-23 14:30:00-05:00,4887,21.721169206708,28.9,98.3,0.63
2020-07-23 15:30:00-05:00,4888,20.386078709722,29.4,98.2,0.61
2020-07-23 16:30:00-05:00,4889,21.40974013732,30.0,98.2,0.57
2020-07-23 17:30:00-05:00,4890,23.137532764383998,28.9,98.2,0.59
2020-07-23 18:30:00-05:00,4891,13.158427080375999,28.3,98.2,0.55
2020-07-23 19:30:00-05:00,4892,6.355622311588,27.2,98.2,0.58
2020-07-23 20:30:00-05:00,4893,0.0,25.6,98.3,0.62
2020-07-23 21:30:00-05:00,4894,0.0,25.0,98.3,0.64
2020-07-23 22:30:00-05:00,4895,0.0,24.4,98.4,0.64
2020-07-23 23:30:00-05:00,4896,0.0,23.9,98.4,0.66
2020-07-24 00:30:00-05:00,4897,0.0,22.2,98.3,0.76
2020-07-24 01:30:00-05:00,4898,0.0,21.7,98.3,0.84
2020-07-24 02:30:00-05:00,4899,0.0,21.1,98.3,0.87
2020-07-24 03:30:00-05:00,4900,0.0,20.6,98.3,0.9
2020-07-24 04:30:00-05:00,4901,0.0,20.6,98.3,0.9
2020-07-24 05:30:00-05:00,4902,0.0,20.6,98.3,0.93
2020-07-24 06:30:00-05:00,4903,0.651981250977,21.1,98.4,0.9
2020-07-24 07:30:00-05:00,4904,3.0338248134656,22.2,98.4,0.87
2020-07-24 08:30:00-05:00,4905,4.849729354296,25.0,98.4,0.76
2020-07-24 09:30:00-05:00,4906,13.04565810968,27.2,98.4,0.53
2020-07-24 10:30:00-05:00,4907,28.896340825093997,27.8,98.4,0.53
2020-07-24 11:30:00-05:00,4908,37.689521612294,28.9,98.3,0.48
2020-07-24 12:30:00-05:00,4909,48.51850107582,30.0,98.3,0.43
2020-07-24 13:30:00-05:00,4910,54.95009291004,30.0,98.3,0.43
2020-07-24 14:30:00-05:00,4911,59.80880309306,30.6,98.2,0.42
2020-07-24 15:30:00-05:00,4912,63.764665155799996,31.1,98.1,0.4
2020-07-24 16:30:00-05:00,4913,34.352547146116,31.1,98.1,0.42
2020-07-24 17:30:00-05:00,4914,25.302632613468,30.6,98.0,0.42
2020-07-24 18:30:00-05:00,4915,29.657422686043997,30.0,98.1,0.43
2020-07-24 19:30:00-05:00,4916,12.995359556321999,28.9,98.1,0.46
2020-07-24 20:30:00-05:00,4917,0.0,26.7,98.1,0.56
2020-07-24 21:30:00-05:00,4918,0.0,25.6,98.1,0.6
2020-07-24 22:30:00-05:00,4919,0.0,25.0,98.2,0.56
2020-07-24 23:30:00-05:00,4920,0.0,23.9,98.2,0.56
2020-07-25 00:30:00-05:00,4921,0.0,23.9,98.2,0.58
2020-07-25 01:30:00-05:00,4922,0.0,22.2,98.1,0.71
2020-07-25 02:30:00-05:00,4923,0.0,21.7,98.0,0.71
2020-07-25 03:30:00-05:00,4924,0.0,21.7,98.0,0.71
2020-07-25 04:30:00-05:00,4925,0.0,21.7,98.1,0.71
2020-07-25 05:30:00-05:00,4926,0.0,21.1,98.1,0.76
2020-07-25 06:30:00-05:00,4927,1.172339900608,21.1,98.1,0.76
2020-07-25 07:30:00-05:00,4928,2.6812290840698,21.7,98.2,0.76
2020-07-25 08:30:00-05:00,4929,4.1791700579599995,24.4,98.2,0.69
2020-07-25 09:30:00-05:00,4930,9.819426011117999,26.1,98.1,0.69
2020-07-25 10:30:00-05:00,4931,29.694351231925996,28.9,98.1,0.63
2020-07-25 11:30:00-05:00,4932,44.741843762180004,30.0,98.1,0.55
2020-07-25 12:30:00-05:00,4933,53.9291416174,30.0,98.0,0.57
2020-07-25 13:30:00-05:00,4934,57.906128974539996,30.6,97.9,0.55
2020-07-25 14:30:00-05:00,4935,57.61885235274,29.4,97.9,0.63
2020-07-25 15:30:00-05:00,4936,54.884554775539996,29.4,97.9,0.65
2020-07-25 16:30:00-05:00,4937,10.772757493272,22.8,98.0,0.9
2020-07-25 17:30:00-05:00,4938,0.0,23.3,97.9,0.84
2020-07-25 18:30:00-05:00,4939,0.0,23.3,97.9,0.87
2020-07-25 19:30:00-05:00,4940,0.0,22.8,97.8,0.93
2020-07-25 20:30:00-05:00,4941,0.0,22.8,97.9,0.93
2020-07-25 21:30:00-05:00,4942,0.0,22.8,97.9,0.93
2020-07-25 22:30:00-05:00,4943,0.0,21.7,98.0,0.97
2020-07-25 23:30:00-05:00,4944,0.0,21.7,98.0,0.97
2020-07-26 00:30:00-05:00,4945,0.0,22.2,97.9,0.97
2020-07-26 01:30:00-05:00,4946,0.0,22.2,97.9,0.97
2020-07-26 02:30:00-05:00,4947,0.0,21.7,97.9,0.97
2020-07-26 03:30:00-05:00,4948,0.0,21.7,97.9,1.0
2020-07-26 04:30:00-05:00,4949,0.0,21.7,97.9,1.0
2020-07-26 05:30:00-05:00,4950,0.0,22.2,97.9,1.0
2020-07-26 06:30:00-05:00,4951,2.3179264728841997,22.2,97.9,1.0
2020-07-26 07:30:00-05:00,4952,4.030047082952,23.3,98.0,0.97
2020-07-26 08:30:00-05:00,4953,5.346583449784,23.9,98.1,0.94
2020-07-26 09:30:00-05:00,4954,12.283218807752,26.1,98.1,0.85
2020-07-26 10:30:00-05:00,4955,34.354738561618,27.8,98.1,0.77
2020-07-26 11:30:00-05:00,4956,48.78893114394,28.9,98.1,0.72
2020-07-26 12:30:00-05:00,4957,61.1358045256,29.4,98.0,0.67
2020-07-26 13:30:00-05:00,4958,69.3655555261,30.6,97.9,0.59
2020-07-26 14:30:00-05:00,4959,73.0728755249,31.1,97.9,0.59
2020-07-26 15:30:00-05:00,4960,70.721383976,30.6,97.8,0.59
2020-07-26 16:30:00-05:00,4961,35.855587155178,30.6,97.8,0.59
2020-07-26 17:30:00-05:00,4962,24.781031216834,30.6,97.8,0.59
2020-07-26 18:30:00-05:00,4963,18.617366657949997,27.8,97.8,0.74
2020-07-26 19:30:00-05:00,4964,2.6789754091094,25.6,97.9,0.85
2020-07-26 20:30:00-05:00,4965,0.0,24.4,97.9,0.9
2020-07-26 21:30:00-05:00,4966,0.0,24.4,97.9,0.9
2020-07-26 22:30:00-05:00,4967,0.0,23.3,97.9,0.97
2020-07-26 23:30:00-05:00,4968,0.0,22.8,97.9,1.0
2020-07-27 00:30:00-05:00,4969,0.0,22.8,97.9,1.0
2020-07-27 01:30:00-05:00,4970,0.0,22.8,97.9,1.0
2020-07-27 02:30:00-05:00,4971,0.0,22.2,97.9,1.0
2020-07-27 03:30:00-05:00,4972,0.0,22.2,97.9,1.0
2020-07-27 04:30:00-05:00,4973,0.0,22.2,98.0,1.0
2020-07-27 05:30:00-05:00,4974,0.0,21.7,98.1,1.0
2020-07-27 06:30:00-05:00,4975,2.7144361486335997,21.7,98.1,1.0
2020-07-27 07:30:00-05:00,4976,3.6242667871992,21.7,98.2,0.97
2020-07-27 08:30:00-05:00,4977,4.016875829118,21.1,98.2,0.97
2020-07-27 09:30:00-05:00,4978,4.325826477591999,21.1,98.2,0.97
2020-07-27 10:30:00-05:00,4979,5.079484636768,22.8,98.2,0.84
2020-07-27 11:30:00-05:00,4980,10.803293496412,23.3,98.2,0.79
2020-07-27 12:30:00-05:00,4981,21.46621761965,24.4,98.1,0.71
2020-07-27 13:30:00-05:00,4982,27.837512334698,25.0,98.1,0.69
2020-07-27 14:30:00-05:00,4983,29.679139518958,24.4,98.1,0.74
2020-07-27 15:30:00-05:00,4984,23.634174694509998,22.2,98.1,0.87
2020-07-27 16:30:00-05:00,4985,0.0,21.7,98.1,0.9
2020-07-27 17:30:00-05:00,4986,0.0,21.7,98.1,0.9
2020-07-27 18:30:00-05:00,4987,0.0,21.7,98.1,0.9
2020-07-27 19:30:00-05:00,4988,0.0,21.7,98.2,0.9
2020-07-27 20:30:00-05:00,4989,0.0,20.6,98.2,0.97
2020-07-27 21:30:00-05:00,4990,0.0,20.6,98.2,0.97
2020-07-27 22:30:00-05:00,4991,0.0,20.6,98.2,1.0
2020-07-27 23:30:00-05:00,4992,0.0,20.6,98.2,1.0
2020-07-28 00:30:00-05:00,4993,0.0,20.0,98.2,1.0
2020-07-28 01:30:00-05:00,4994,0.0,20.0,98.2,1.0
2020-07-28 02:30:00-05:00,4995,0.0,20.0,98.2,1.0
2020-07-28 03:30:00-05:00,4996,0.0,19.4,98.2,1.0
2020-07-28 04:30:00-05:00,4997,0.0,19.4,98.2,1.0
2020-07-28 05:30:00-05:00,4998,0.0,19.4,98.2,1.0
2020-07-28 06:30:00-05:00,4999,0.0,19.4,98.3,1.0
2020-07-28 07:30:00-05:00,5000,0.9819775559247998,19.4,98.4,1.0
2020-07-28 08:30:00-05:00,5001,2.209592628321,19.4,98.4,1.0
2020-07-28 09:30:00-05:00,5002,2.5469951480432,19.4,98.5,1.0
2020-07-28 10:30:00-05:00,5003,2.7664748990944,19.4,98.5,1.0
2020-07-28 11:30:00-05:00,5004,2.5364225583446,19.4,98.5,1.0
2020-07-28 12:30:00-05:00,5005,3.0604681205721995,19.4,98.5,1.0
2020-07-28 13:30:00-05:00,5006,3.5332501497999997,19.4,98.5,1.0
2020-07-28 14:30:00-05:00,5007,3.5103727699515996,19.4,98.4,1.0
2020-07-28 15:30:00-05:00,5008,3.4045365927399995,19.4,98.4,0.97
2020-07-28 16:30:00-05:00,5009,0.0,18.9,98.4,0.93
2020-07-28 17:30:00-05:00,5010,0.0,18.9,98.4,0.93
2020-07-28 18:30:00-05:00,5011,0.0,18.9,98.5,0.93
2020-07-28 19:30:00-05:00,5012,0.0,18.3,98.4,0.97
2020-07-28 20:30:00-05:00,5013,0.0,18.3,98.4,0.97
2020-07-28 21:30:00-05:00,5014,0.0,17.8,98.5,0.97
2020-07-28 22:30:00-05:00,5015,0.0,17.2,98.5,0.97
2020-07-28 23:30:00-05:00,5016,0.0,17.2,98.5,0.97
2020-07-29 00:30:00-05:00,5017,0.0,17.2,98.4,0.97
2020-07-29 01:30:00-05:00,5018,0.0,17.8,98.4,0.97
2020-07-29 02:30:00-05:00,5019,0.0,17.8,98.3,0.97
2020-07-29 03:30:00-05:00,5020,0.0,17.2,98.3,1.0
2020-07-29 04:30:00-05:00,5021,0.0,17.8,98.3,1.0
2020-07-29 05:30:00-05:00,5022,0.0,17.8,98.3,0.97
2020-07-29 06:30:00-05:00,5023,0.0,17.8,98.3,1.0
2020-07-29 07:30:00-05:00,5024,0.0,17.8,98.4,1.0
2020-07-29 08:30:00-05:00,5025,0.0,17.8,98.4,1.0
2020-07-29 09:30:00-05:00,5026,0.0,18.3,98.3,1.0
2020-07-29 10:30:00-05:00,5027,0.0,19.4,98.3,1.0
2020-07-29 11:30:00-05:00,5028,0.0,20.0,98.3,1.0
2020-07-29 12:30:00-05:00,5029,0.08287494346506,20.0,98.2,1.0
2020-07-29 13:30:00-05:00,5030,0.5787922350356,21.7,98.2,1.0
2020-07-29 14:30:00-05:00,5031,1.8981195564948,23.9,98.1,0.94
2020-07-29 15:30:00-05:00,5032,0.0,24.4,98.1,0.9
2020-07-29 16:30:00-05:00,5033,0.0,22.8,98.1,0.93
2020-07-29 17:30:00-05:00,5034,0.0,22.2,98.1,0.97
2020-07-29 18:30:00-05:00,5035,0.0,21.7,98.1,1.0
2020-07-29 19:30:00-05:00,5036,0.0,21.1,98.1,1.0
2020-07-29 20:30:00-05:00,5037,0.0,20.6,98.1,1.0
2020-07-29 21:30:00-05:00,5038,0.0,20.6,98.1,1.0
2020-07-29 22:30:00-05:00,5039,0.0,20.6,98.1,1.0
2020-07-29 23:30:00-05:00,5040,0.0,20.0,98.1,1.0
2020-07-30 00:30:00-05:00,5041,0.0,20.0,98.1,1.0
2020-07-30 01:30:00-05:00,5042,0.0,20.0,98.1,1.0
2020-07-30 02:30:00-05:00,5043,0.0,21.1,98.0,1.0
2020-07-30 03:30:00-05:00,5044,0.0,21.1,98.0,1.0
2020-07-30 04:30:00-05:00,5045,0.0,21.1,98.0,1.0
2020-07-30 05:30:00-05:00,5046,0.0,21.1,98.1,1.0
2020-07-30 06:30:00-05:00,5047,0.0,21.7,98.1,1.0
2020-07-30 07:30:00-05:00,5048,0.0,22.2,98.1,1.0
2020-07-30 08:30:00-05:00,5049,0.0,23.9,98.2,0.94
2020-07-30 09:30:00-05:00,5050,0.0,24.4,98.2,0.9
2020-07-30 10:30:00-05:00,5051,0.0,27.2,98.1,0.74
2020-07-30 11:30:00-05:00,5052,0.0,27.8,98.1,0.72
2020-07-30 12:30:00-05:00,5053,0.0,29.4,98.0,0.65
2020-07-30 13:30:00-05:00,5054,11.043820989053998,30.0,97.9,0.59
2020-07-30 14:30:00-05:00,5055,22.54377351982,30.6,97.9,0.57
2020-07-30 15:30:00-05:00,5056,25.493716297619997,30.6,97.8,0.57
2020-07-30 16:30:00-05:00,5057,24.797627389768,30.6,97.8,0.57
2020-07-30 17:30:00-05:00,5058,19.926144692841998,30.6,97.8,0.57
2020-07-30 18:30:00-05:00,5059,13.934429039292,28.3,97.8,0.7
2020-07-30 19:30:00-05:00,5060,1.2012900898455998,27.2,97.9,0.77
2020-07-30 20:30:00-05:00,5061,0.0,25.0,97.9,0.85
2020-07-30 21:30:00-05:00,5062,0.0,24.4,97.9,0.85
2020-07-30 22:30:00-05:00,5063,0.0,23.3,97.9,0.9
2020-07-30 23:30:00-05:00,5064,0.0,22.8,97.9,0.93
2020-07-31 00:30:00-05:00,5065,0.0,22.2,97.9,0.9
2020-07-31 01:30:00-05:00,5066,0.0,21.7,97.8,0.9
2020-07-31 02:30:00-05:00,5067,0.0,21.7,97.8,0.93
2020-07-31 03:30:00-05:00,5068,0.0,21.1,97.8,0.93
2020-07-31 04:30:00-05:00,5069,0.0,20.6,97.8,0.97
2020-07-31 05:30:00-05:00,5070,0.0,20.6,97.9,0.97
2020-07-31 06:30:00-05:00,5071,0.5896705039048,21.1,98.0,1.0
2020-07-31 07:30:00-05:00,5072,3.3252074544677996,23.3,98.0,0.94
2020-07-31 08:30:00-05:00,5073,5.451065634358,25.6,98.0,0.85
2020-07-31 09:30:00-05:00,5074,14.878605219446,27.2,98.0,0.79
2020-07-31 10:30:00-05:00,5075,36.840769216081995,28.3,98.0,0.72
2020-07-31 11:30:00-05:00,5076,49.948763338999996,29.4,97.9,0.65
2020-07-31 12:30:00-05:00,5077,62.73725429673999,30.6,97.9,0.61
2020-07-31 13:30:00-05:00,5078,69.07703397604,30.6,97.8,0.63
2020-07-31 14:30:00-05:00,5079,70.45048642921999,30.6,97.7,0.61
2020-07-31 15:30:00-05:00,5080,67.99402378026,30.6,97.7,0.55
2020-07-31 16:30:00-05:00,5081,34.829273035018,31.1,97.7,0.55
2020-07-31 17:30:00-05:00,5082,25.412226962666,30.0,97.7,0.57
2020-07-31 18:30:00-05:00,5083,22.444760320249998,28.9,97.7,0.63
2020-07-31 19:30:00-05:00,5084,4.596595608692,27.2,97.7,0.72
2020-07-31 20:30:00-05:00,5085,0.0,26.1,97.8,0.77
2020-07-31 21:30:00-05:00,5086,0.0,25.8,97.9,0.85
2020-07-31 22:30:00-05:00,5087,0.0,25.5,98.0,0.85
2020-07-31 23:30:00-05:00,5088,0.0,25.2,98.5,0.76
2020-08-01 00:30:00-05:00,5089,0.0,24.8,98.1,0.74
2020-08-01 01:30:00-05:00,5090,0.0,24.5,98.2,0.82
2020-08-01 02:30:00-05:00,5091,0.0,24.2,98.1,0.85
2020-08-01 03:30:00-05:00,5092,0.0,23.9,98.1,0.85
2020-08-01 04:30:00-05:00,5093,0.0,23.3,98.2,0.87
2020-08-01 05:30:00-05:00,5094,0.0,23.3,98.2,0.87
2020-08-01 06:30:00-05:00,5095,4.268610981112,23.9,98.3,0.85
2020-08-01 07:30:00-05:00,5096,5.900542769552,26.1,98.3,0.74
2020-08-01 08:30:00-05:00,5097,25.549324365904,27.8,98.4,0.67
2020-08-01 09:30:00-05:00,5098,42.149927246119994,30.0,98.4,0.61
2020-08-01 10:30:00-05:00,5099,61.20893952776,32.2,98.4,0.5
2020-08-01 11:30:00-05:00,5100,75.78236411506,33.3,98.3,0.44
2020-08-01 12:30:00-05:00,5101,89.93657837766,33.9,98.3,0.43
2020-08-01 13:30:00-05:00,5102,98.64984100385999,33.9,98.2,0.43
2020-08-01 14:30:00-05:00,5103,106.82864122245999,35.0,98.1,0.4
2020-08-01 15:30:00-05:00,5104,110.17463621067999,35.0,98.0,0.39
2020-08-01 16:30:00-05:00,5105,66.35789860366,35.0,98.0,0.39
2020-08-01 17:30:00-05:00,5106,48.16631257966,33.3,98.0,0.44
2020-08-01 18:30:00-05:00,5107,46.66876790484,30.6,98.1,0.5
2020-08-01 19:30:00-05:00,5108,17.149085862322,25.6,98.2,0.77
2020-08-01 20:30:00-05:00,5109,6.949378719527999,27.8,98.2,0.65
2020-08-01 21:30:00-05:00,5110,5.7119544780639995,27.2,98.3,0.69
2020-08-01 22:30:00-05:00,5111,0.0,26.1,98.3,0.72
2020-08-01 23:30:00-05:00,5112,0.0,25.6,98.3,0.74
2020-08-02 00:30:00-05:00,5113,0.0,25.0,98.3,0.76
2020-08-02 01:30:00-05:00,5114,0.0,25.0,98.3,0.79
2020-08-02 02:30:00-05:00,5115,0.0,24.4,98.3,0.79
2020-08-02 03:30:00-05:00,5116,0.0,23.9,98.3,0.82
2020-08-02 04:30:00-05:00,5117,0.0,23.3,98.3,0.85
2020-08-02 05:30:00-05:00,5118,0.0,23.9,98.3,0.85
2020-08-02 06:30:00-05:00,5119,6.503133831768,23.9,98.4,0.85
2020-08-02 07:30:00-05:00,5120,11.899231032728,25.6,98.5,0.77
2020-08-02 08:30:00-05:00,5121,33.711747450144,28.3,98.5,0.67
2020-08-02 09:30:00-05:00,5122,51.52588022662,30.6,98.5,0.59
2020-08-02 10:30:00-05:00,5123,68.80406818882,31.7,98.5,0.54
2020-08-02 11:30:00-05:00,5124,79.88869378676,32.8,98.5,0.5
2020-08-02 12:30:00-05:00,5125,93.30796319166,33.9,98.4,0.44
2020-08-02 13:30:00-05:00,5126,100.05629822328,33.9,98.3,0.41
2020-08-02 14:30:00-05:00,5127,104.23625999376,34.4,98.3,0.39
2020-08-02 15:30:00-05:00,5128,107.57835095963999,35.0,98.3,0.37
2020-08-02 16:30:00-05:00,5129,65.32156037382,34.4,98.2,0.39
2020-08-02 17:30:00-05:00,5130,47.12318953912,32.8,98.2,0.44
2020-08-02 18:30:00-05:00,5131,52.3897906741,32.8,98.3,0.47
2020-08-02 19:30:00-05:00,5132,27.638857413582,30.6,98.3,0.55
2020-08-02 20:30:00-05:00,5133,12.672615460406,24.4,98.4,0.79
2020-08-02 21:30:00-05:00,5134,4.55938658766,25.0,98.4,0.79
2020-08-02 22:30:00-05:00,5135,0.0,25.0,98.4,0.79
2020-08-02 23:30:00-05:00,5136,0.0,24.4,98.4,0.88
2020-08-03 00:30:00-05:00,5137,0.0,24.4,98.4,0.88
2020-08-03 01:30:00-05:00,5138,0.0,23.9,98.4,0.87
2020-08-03 02:30:00-05:00,5139,0.0,23.9,98.3,0.85
2020-08-03 03:30:00-05:00,5140,0.0,23.9,98.4,0.87
2020-08-03 04:30:00-05:00,5141,0.0,23.9,98.4,0.85
2020-08-03 05:30:00-05:00,5142,0.0,23.9,98.4,0.85
2020-08-03 06:30:00-05:00,5143,6.7820656525039995,23.9,98.4,0.87
2020-08-03 07:30:00-05:00,5144,11.259794680426,25.6,98.5,0.74
2020-08-03 08:30:00-05:00,5145,31.725082425624002,27.8,98.5,0.63
2020-08-03 09:30:00-05:00,5146,45.31161087766,28.9,98.5,0.59
2020-08-03 10:30:00-05:00,5147,61.36407544736,30.6,98.5,0.55
2020-08-03 11:30:00-05:00,5148,73.8222112258,31.7,98.4,0.5
2020-08-03 12:30:00-05:00,5149,85.77138284553999,32.8,98.3,0.5
2020-08-03 13:30:00-05:00,5150,95.67628565116,33.3,98.3,0.46
2020-08-03 14:30:00-05:00,5151,101.87773024142,33.9,98.2,0.44
2020-08-03 15:30:00-05:00,5152,103.17529572522,33.9,98.1,0.44
2020-08-03 16:30:00-05:00,5153,61.43968543816,33.9,98.1,0.44
2020-08-03 17:30:00-05:00,5154,44.31629187284,32.8,98.1,0.44
2020-08-03 18:30:00-05:00,5155,39.72743282984,28.3,98.3,0.65
2020-08-03 19:30:00-05:00,5156,14.38846064123,26.7,98.2,0.74
2020-08-03 20:30:00-05:00,5157,5.672052524711999,24.4,98.3,0.94
2020-08-03 21:30:00-05:00,5158,0.0,24.4,98.3,0.91
2020-08-03 22:30:00-05:00,5159,0.0,25.6,98.4,0.82
2020-08-03 23:30:00-05:00,5160,0.0,24.4,98.3,0.88
2020-08-04 00:30:00-05:00,5161,0.0,23.9,98.3,0.94
2020-08-04 01:30:00-05:00,5162,0.0,24.4,98.3,0.85
2020-08-04 02:30:00-05:00,5163,0.0,25.0,98.3,0.85
2020-08-04 03:30:00-05:00,5164,0.0,23.9,98.3,0.9
2020-08-04 04:30:00-05:00,5165,0.0,23.9,98.3,0.87
2020-08-04 05:30:00-05:00,5166,0.0,23.3,98.3,0.94
2020-08-04 06:30:00-05:00,5167,7.0740122588059995,23.9,98.4,0.87
2020-08-04 07:30:00-05:00,5168,11.444143804052,25.0,98.4,0.82
2020-08-04 08:30:00-05:00,5169,27.315482939465998,25.6,98.4,0.82
2020-08-04 09:30:00-05:00,5170,38.92928544798,27.8,98.4,0.74
2020-08-04 10:30:00-05:00,5171,54.5601269966,28.9,98.4,0.67
2020-08-04 11:30:00-05:00,5172,66.39911847095999,30.6,98.4,0.61
2020-08-04 12:30:00-05:00,5173,76.526395893,30.0,98.3,0.61
2020-08-04 13:30:00-05:00,5174,84.70241989277999,31.7,98.2,0.54
2020-08-04 14:30:00-05:00,5175,74.67456006574,25.0,98.1,0.79
2020-08-04 15:30:00-05:00,5176,64.32196660498,28.3,98.1,0.63
2020-08-04 16:30:00-05:00,5177,40.292068177939996,31.1,98.0,0.57
2020-08-04 17:30:00-05:00,5178,31.18136317573,28.9,98.0,0.65
2020-08-04 18:30:00-05:00,5179,33.10169860251,28.3,98.1,0.65
2020-08-04 19:30:00-05:00,5180,14.014808522116,26.7,98.2,0.72
2020-08-04 20:30:00-05:00,5181,4.630375145418,25.6,98.3,0.79
2020-08-04 21:30:00-05:00,5182,0.0,25.0,98.3,0.85
2020-08-04 22:30:00-05:00,5183,0.0,24.4,98.3,0.88
2020-08-04 23:30:00-05:00,5184,0.0,24.4,98.3,0.88
2020-08-05 00:30:00-05:00,5185,0.0,23.9,98.2,0.94
2020-08-05 01:30:00-05:00,5186,0.0,23.9,98.2,0.9
2020-08-05 02:30:00-05:00,5187,0.0,23.3,98.2,0.9
2020-08-05 03:30:00-05:00,5188,0.0,23.3,98.1,0.9
2020-08-05 04:30:00-05:00,5189,0.0,23.3,98.2,0.9
2020-08-05 05:30:00-05:00,5190,0.0,22.8,98.2,0.97
2020-08-05 06:30:00-05:00,5191,0.0,22.8,98.3,0.97
2020-08-05 07:30:00-05:00,5192,5.850590705171999,23.3,98.3,0.94
2020-08-05 08:30:00-05:00,5193,5.576783406926,23.9,98.3,0.85
2020-08-05 09:30:00-05:00,5194,16.750434061756,25.6,98.3,0.79
2020-08-05 10:30:00-05:00,5195,32.322714937836004,27.2,98.3,0.72
2020-08-05 11:30:00-05:00,5196,40.77192585778,27.8,98.3,0.69
2020-08-05 12:30:00-05:00,5197,47.059165041899995,29.4,98.2,0.65
2020-08-05 13:30:00-05:00,5198,52.38282877428,29.4,98.1,0.63
2020-08-05 14:30:00-05:00,5199,53.38688603566,29.4,98.1,0.63
2020-08-05 15:30:00-05:00,5200,27.04399352874,27.8,98.0,0.74
2020-08-05 16:30:00-05:00,5201,17.697631430389997,27.2,98.1,0.72
2020-08-05 17:30:00-05:00,5202,11.91699885115,25.0,98.1,0.76
2020-08-05 18:30:00-05:00,5203,8.825288210192001,26.1,98.0,0.72
2020-08-05 19:30:00-05:00,5204,7.122527318947999,25.6,98.1,0.77
2020-08-05 20:30:00-05:00,5205,0.0,24.4,98.2,0.88
2020-08-05 21:30:00-05:00,5206,0.0,24.4,98.2,0.82
2020-08-05 22:30:00-05:00,5207,0.0,24.4,98.2,0.85
2020-08-05 23:30:00-05:00,5208,0.0,24.4,98.2,0.82
2020-08-06 00:30:00-05:00,5209,0.0,23.9,98.2,0.87
2020-08-06 01:30:00-05:00,5210,0.0,23.3,98.1,0.94
2020-08-06 02:30:00-05:00,5211,0.0,22.8,98.1,0.94
2020-08-06 03:30:00-05:00,5212,0.0,22.8,98.1,0.94
2020-08-06 04:30:00-05:00,5213,0.0,22.8,98.1,0.94
2020-08-06 05:30:00-05:00,5214,0.0,22.8,98.2,0.94
2020-08-06 06:30:00-05:00,5215,0.0,23.3,98.2,0.9
2020-08-06 07:30:00-05:00,5216,0.0,24.4,98.2,0.85
2020-08-06 08:30:00-05:00,5217,0.0,26.7,98.2,0.77
2020-08-06 09:30:00-05:00,5218,0.0,29.4,98.2,0.63
2020-08-06 10:30:00-05:00,5219,15.490466384055999,30.6,98.2,0.57
2020-08-06 11:30:00-05:00,5220,37.252885854073995,31.1,98.2,0.55
2020-08-06 12:30:00-05:00,5221,34.48674167756,32.2,98.1,0.48
2020-08-06 13:30:00-05:00,5222,54.4543167927,32.8,98.0,0.49
2020-08-06 14:30:00-05:00,5223,40.86414078952,31.7,98.0,0.52
2020-08-06 15:30:00-05:00,5224,53.0271625347,32.8,97.9,0.49
2020-08-06 16:30:00-05:00,5225,38.72266841962,32.2,97.9,0.47
2020-08-06 17:30:00-05:00,5226,47.17017084672,32.2,97.9,0.45
2020-08-06 18:30:00-05:00,5227,29.756429662278002,31.1,97.9,0.52
2020-08-06 19:30:00-05:00,5228,28.011939381911997,30.0,98.0,0.59
2020-08-06 20:30:00-05:00,5229,11.431828618854,28.9,98.0,0.65
2020-08-06 21:30:00-05:00,5230,0.0,27.8,98.1,0.69
2020-08-06 22:30:00-05:00,5231,0.0,27.2,98.1,0.72
2020-08-06 23:30:00-05:00,5232,0.0,26.1,98.1,0.79
2020-08-07 00:30:00-05:00,5233,0.0,25.0,98.1,0.85
2020-08-07 01:30:00-05:00,5234,0.0,25.0,98.1,0.85
2020-08-07 02:30:00-05:00,5235,0.0,24.4,98.0,0.88
2020-08-07 03:30:00-05:00,5236,0.0,23.9,98.0,0.9
2020-08-07 04:30:00-05:00,5237,0.0,23.3,98.0,0.94
2020-08-07 05:30:00-05:00,5238,0.0,22.8,98.1,0.94
2020-08-07 06:30:00-05:00,5239,6.813283704039999,23.3,98.1,0.94
2020-08-07 07:30:00-05:00,5240,11.448977162865999,25.6,98.2,0.82
2020-08-07 08:30:00-05:00,5241,31.948196536863996,27.8,98.2,0.72
2020-08-07 09:30:00-05:00,5242,47.44892362506,29.4,98.2,0.61
2020-08-07 10:30:00-05:00,5243,64.24130357748,30.6,98.2,0.55
2020-08-07 11:30:00-05:00,5244,71.45561944628,30.6,98.1,0.57
2020-08-07 12:30:00-05:00,5245,79.73252950621999,32.2,98.1,0.5
2020-08-07 13:30:00-05:00,5246,84.9190806715,31.7,98.0,0.55
2020-08-07 14:30:00-05:00,5247,84.73865645072,32.8,98.0,0.5
2020-08-07 15:30:00-05:00,5248,81.04801965841999,31.7,97.9,0.59
2020-08-07 16:30:00-05:00,5249,38.6666552268,30.6,98.0,0.61
2020-08-07 17:30:00-05:00,5250,19.853181882172,25.0,98.0,0.69
2020-08-07 18:30:00-05:00,5251,7.996003182782,25.6,98.0,0.82
2020-08-07 19:30:00-05:00,5252,0.0,22.8,98.1,0.87
2020-08-07 20:30:00-05:00,5253,0.0,22.8,98.0,0.9
2020-08-07 21:30:00-05:00,5254,0.0,22.2,98.1,0.94
2020-08-07 22:30:00-05:00,5255,0.0,22.8,98.2,0.87
2020-08-07 23:30:00-05:00,5256,0.0,22.8,98.1,0.9
2020-08-08 00:30:00-05:00,5257,0.0,21.7,98.0,0.97
2020-08-08 01:30:00-05:00,5258,0.0,21.7,98.0,0.97
2020-08-08 02:30:00-05:00,5259,0.0,21.1,97.9,0.97
2020-08-08 03:30:00-05:00,5260,0.0,20.6,98.0,1.0
2020-08-08 04:30:00-05:00,5261,0.0,20.6,98.0,0.97
2020-08-08 05:30:00-05:00,5262,0.0,20.6,98.0,0.93
2020-08-08 06:30:00-05:00,5263,2.965821328182,21.7,98.1,0.87
2020-08-08 07:30:00-05:00,5264,4.657729967956,23.3,98.1,0.82
2020-08-08 08:30:00-05:00,5265,9.205418898196,25.0,98.1,0.76
2020-08-08 09:30:00-05:00,5266,27.230845832484,26.7,98.1,0.74
2020-08-08 10:30:00-05:00,5267,45.4630251867,29.4,98.1,0.63
2020-08-08 11:30:00-05:00,5268,63.01915876961999,31.1,98.1,0.57
2020-08-08 12:30:00-05:00,5269,78.22179225664,31.7,98.0,0.55
2020-08-08 13:30:00-05:00,5270,83.68853878514,31.1,98.0,0.55
2020-08-08 14:30:00-05:00,5271,85.2217361042,31.1,97.9,0.57
2020-08-08 15:30:00-05:00,5272,82.79084112102,30.6,97.9,0.61
2020-08-08 16:30:00-05:00,5273,30.744489445360003,23.9,97.9,0.87
2020-08-08 17:30:00-05:00,5274,14.202072081924,26.7,97.8,0.77
2020-08-08 18:30:00-05:00,5275,10.331070488227999,27.8,97.9,0.77
2020-08-08 19:30:00-05:00,5276,7.23638807057,26.1,97.9,0.88
2020-08-08 20:30:00-05:00,5277,0.0,25.6,97.9,0.85
2020-08-08 21:30:00-05:00,5278,0.0,25.6,98.0,0.88
2020-08-08 22:30:00-05:00,5279,0.0,25.6,98.0,0.88
2020-08-08 23:30:00-05:00,5280,0.0,25.6,97.9,0.88
2020-08-09 00:30:00-05:00,5281,0.0,25.0,97.9,0.88
2020-08-09 01:30:00-05:00,5282,0.0,24.4,97.9,0.91
2020-08-09 02:30:00-05:00,5283,0.0,25.0,97.9,0.82
2020-08-09 03:30:00-05:00,5284,0.0,24.4,97.9,0.85
2020-08-09 04:30:00-05:00,5285,0.0,24.4,97.9,0.82
2020-08-09 05:30:00-05:00,5286,0.0,24.4,98.0,0.82
2020-08-09 06:30:00-05:00,5287,6.655355711906,24.4,98.0,0.85
2020-08-09 07:30:00-05:00,5288,9.287945861339999,26.1,98.1,0.82
2020-08-09 08:30:00-05:00,5289,31.164170591542,27.8,98.1,0.74
2020-08-09 09:30:00-05:00,5290,49.29613143612,30.0,98.1,0.61
2020-08-09 10:30:00-05:00,5291,65.08632486222,30.6,98.1,0.55
2020-08-09 11:30:00-05:00,5292,72.15022343026,31.1,98.1,0.57
2020-08-09 12:30:00-05:00,5293,82.88267820621999,32.2,98.0,0.5
2020-08-09 13:30:00-05:00,5294,89.89990174818,32.2,98.0,0.52
2020-08-09 14:30:00-05:00,5295,96.59287804463999,32.8,97.9,0.45
2020-08-09 15:30:00-05:00,5296,95.43476454246,32.2,97.9,0.48
2020-08-09 16:30:00-05:00,5297,51.10960479164,31.1,97.9,0.57
2020-08-09 17:30:00-05:00,5298,32.33216428281,30.0,97.9,0.61
2020-08-09 18:30:00-05:00,5299,29.738868768106,28.3,98.0,0.65
2020-08-09 19:30:00-05:00,5300,13.049880293252,27.8,97.9,0.69
2020-08-09 20:30:00-05:00,5301,4.857513019696,27.8,98.0,0.65
2020-08-09 21:30:00-05:00,5302,0.9205516156688,28.3,98.0,0.63
2020-08-09 22:30:00-05:00,5303,0.0,27.2,98.1,0.69
2020-08-09 23:30:00-05:00,5304,0.0,26.1,98.1,0.79
2020-08-10 00:30:00-05:00,5305,0.0,25.6,98.1,0.79
2020-08-10 01:30:00-05:00,5306,0.0,25.0,98.0,0.85
2020-08-10 02:30:00-05:00,5307,0.0,25.0,98.1,0.82
2020-08-10 03:30:00-05:00,5308,0.0,23.9,98.0,0.9
2020-08-10 04:30:00-05:00,5309,0.0,24.4,98.1,0.88
2020-08-10 05:30:00-05:00,5310,0.0,24.4,98.1,0.85
2020-08-10 06:30:00-05:00,5311,7.109920743898,25.0,98.2,0.85
2020-08-10 07:30:00-05:00,5312,14.994588307548,27.2,98.3,0.74
2020-08-10 08:30:00-05:00,5313,38.14659178072,28.9,98.3,0.67
2020-08-10 09:30:00-05:00,5314,53.80314529974,30.6,98.3,0.61
2020-08-10 10:30:00-05:00,5315,71.8229627935,32.2,98.3,0.54
2020-08-10 11:30:00-05:00,5316,78.57205668929998,31.1,98.3,0.57
2020-08-10 12:30:00-05:00,5317,82.6197076654,31.1,98.2,0.55
2020-08-10 13:30:00-05:00,5318,84.82063704538,30.6,98.1,0.57
2020-08-10 14:30:00-05:00,5319,82.95722655073999,31.1,98.1,0.57
2020-08-10 15:30:00-05:00,5320,84.2658661207,31.7,98.0,0.59
2020-08-10 16:30:00-05:00,5321,52.06782474758,32.8,98.0,0.5
2020-08-10 17:30:00-05:00,5322,38.83760011312,31.7,98.0,0.54
2020-08-10 18:30:00-05:00,5323,40.97867399792,30.6,98.1,0.59
2020-08-10 19:30:00-05:00,5324,20.44791999963,29.4,98.2,0.63
2020-08-10 20:30:00-05:00,5325,10.384738626719999,27.8,98.3,0.72
2020-08-10 21:30:00-05:00,5326,0.0,24.4,98.3,0.88
2020-08-10 22:30:00-05:00,5327,0.0,23.9,98.3,0.87
2020-08-10 23:30:00-05:00,5328,0.0,25.0,98.3,0.76
2020-08-11 00:30:00-05:00,5329,0.0,23.9,98.3,0.85
2020-08-11 01:30:00-05:00,5330,0.0,23.3,98.2,0.9
2020-08-11 02:30:00-05:00,5331,0.0,22.8,98.2,0.94
2020-08-11 03:30:00-05:00,5332,0.0,23.3,98.2,0.9
2020-08-11 04:30:00-05:00,5333,0.0,22.8,98.2,0.94
2020-08-11 05:30:00-05:00,5334,0.0,22.8,98.3,0.94
2020-08-11 06:30:00-05:00,5335,5.527701490866,22.8,98.4,0.94
2020-08-11 07:30:00-05:00,5336,5.856467988814,23.3,98.5,0.94
2020-08-11 08:30:00-05:00,5337,11.63959607658,24.4,98.5,0.91
2020-08-11 09:30:00-05:00,5338,28.283694307719998,26.1,98.5,0.82
2020-08-11 10:30:00-05:00,5339,42.08248000682,27.8,98.5,0.74
2020-08-11 11:30:00-05:00,5340,51.95654595798,28.9,98.5,0.67
2020-08-11 12:30:00-05:00,5341,62.86451410908,30.0,98.4,0.61
2020-08-11 13:30:00-05:00,5342,72.6121349603,30.6,98.3,0.59
2020-08-11 14:30:00-05:00,5343,81.65573654245999,31.1,98.2,0.55
2020-08-11 15:30:00-05:00,5344,84.85566610619999,31.7,98.2,0.52
2020-08-11 16:30:00-05:00,5345,34.12507520657999,24.4,98.3,0.91
2020-08-11 17:30:00-05:00,5346,15.138608253511999,25.0,98.2,0.85
2020-08-11 18:30:00-05:00,5347,7.786616215064,24.4,98.3,0.91
2020-08-11 19:30:00-05:00,5348,0.0,24.4,98.3,0.91
2020-08-11 20:30:00-05:00,5349,0.0,24.4,98.3,0.91
2020-08-11 21:30:00-05:00,5350,0.0,24.4,98.4,0.94
2020-08-11 22:30:00-05:00,5351,0.0,23.9,98.5,0.94
2020-08-11 23:30:00-05:00,5352,0.0,23.9,98.4,0.94
2020-08-12 00:30:00-05:00,5353,0.0,23.3,98.4,0.97
2020-08-12 01:30:00-05:00,5354,0.0,23.3,98.4,0.97
2020-08-12 02:30:00-05:00,5355,0.0,23.3,98.4,0.94
2020-08-12 03:30:00-05:00,5356,0.0,23.3,98.4,0.94
2020-08-12 04:30:00-05:00,5357,0.0,23.3,98.4,0.94
2020-08-12 05:30:00-05:00,5358,0.0,22.8,98.4,0.94
2020-08-12 06:30:00-05:00,5359,0.0,23.3,98.5,0.9
2020-08-12 07:30:00-05:00,5360,5.162511275021999,23.9,98.5,0.87
2020-08-12 08:30:00-05:00,5361,5.25044433127,24.4,98.5,0.85
2020-08-12 09:30:00-05:00,5362,11.578810408926,26.1,98.6,0.77
2020-08-12 10:30:00-05:00,5363,27.976073444849998,27.8,98.6,0.67
2020-08-12 11:30:00-05:00,5364,36.404208157464,28.3,98.5,0.63
2020-08-12 12:30:00-05:00,5365,42.6969443734,28.9,98.5,0.61
2020-08-12 13:30:00-05:00,5366,51.50255082506,30.6,98.4,0.53
2020-08-12 14:30:00-05:00,5367,59.03008981256,31.1,98.4,0.55
2020-08-12 15:30:00-05:00,5368,40.34509295158,31.7,98.3,0.5
2020-08-12 16:30:00-05:00,5369,34.244388236316,31.1,98.3,0.5
2020-08-12 17:30:00-05:00,5370,41.1869852407,31.1,98.2,0.48
2020-08-12 18:30:00-05:00,5371,24.812828511148,30.0,98.3,0.55
2020-08-12 19:30:00-05:00,5372,18.446325706528,28.9,98.3,0.59
2020-08-12 20:30:00-05:00,5373,3.3553333441163997,28.3,98.3,0.63
2020-08-12 21:30:00-05:00,5374,0.0,27.2,98.4,0.67
2020-08-12 22:30:00-05:00,5375,0.0,26.7,98.4,0.72
2020-08-12 23:30:00-05:00,5376,0.0,26.1,98.4,0.72
2020-08-13 00:30:00-05:00,5377,0.0,25.0,98.4,0.76
2020-08-13 01:30:00-05:00,5378,0.0,23.9,98.4,0.85
2020-08-13 02:30:00-05:00,5379,0.0,23.3,98.4,0.87
2020-08-13 03:30:00-05:00,5380,0.0,22.8,98.4,0.87
2020-08-13 04:30:00-05:00,5381,0.0,22.8,98.4,0.87
2020-08-13 05:30:00-05:00,5382,0.0,22.2,98.4,0.9
2020-08-13 06:30:00-05:00,5383,0.0,22.8,98.5,0.9
2020-08-13 07:30:00-05:00,5384,0.0,24.4,98.5,0.85
2020-08-13 08:30:00-05:00,5385,0.0,26.1,98.5,0.77
2020-08-13 09:30:00-05:00,5386,0.0,26.7,98.6,0.72
2020-08-13 10:30:00-05:00,5387,8.669017699968,27.8,98.6,0.67
2020-08-13 11:30:00-05:00,5388,16.252605230966,28.3,98.5,0.61
2020-08-13 12:30:00-05:00,5389,33.260921534893995,30.0,98.5,0.53
2020-08-13 13:30:00-05:00,5390,31.700852154871995,30.6,98.4,0.5
2020-08-13 14:30:00-05:00,5391,47.77478627526,30.6,98.3,0.5
2020-08-13 15:30:00-05:00,5392,34.10355226722199,30.0,98.2,0.51
2020-08-13 16:30:00-05:00,5393,44.00405230776,31.1,98.2,0.48
2020-08-13 17:30:00-05:00,5394,31.033969802945997,31.1,98.1,0.45
2020-08-13 18:30:00-05:00,5395,34.846677047558,30.0,98.1,0.5
2020-08-13 19:30:00-05:00,5396,16.605127928994,29.4,98.2,0.51
2020-08-13 20:30:00-05:00,5397,7.365656888607999,28.3,98.2,0.57
2020-08-13 21:30:00-05:00,5398,0.0,27.8,98.2,0.47
2020-08-13 22:30:00-05:00,5399,0.0,26.7,98.2,0.65
2020-08-13 23:30:00-05:00,5400,0.0,26.1,98.2,0.65
2020-08-14 00:30:00-05:00,5401,0.0,25.0,98.2,0.71
2020-08-14 01:30:00-05:00,5402,0.0,26.1,98.1,0.62
2020-08-14 02:30:00-05:00,5403,0.0,25.6,98.1,0.64
2020-08-14 03:30:00-05:00,5404,0.0,24.4,98.2,0.74
2020-08-14 04:30:00-05:00,5405,0.0,23.3,98.2,0.79
2020-08-14 05:30:00-05:00,5406,0.0,23.3,98.3,0.79
2020-08-14 06:30:00-05:00,5407,6.011827885923999,23.9,98.3,0.79
2020-08-14 07:30:00-05:00,5408,6.563480147906,24.4,98.3,0.76
2020-08-14 08:30:00-05:00,5409,21.687896746845997,26.1,98.3,0.72
2020-08-14 09:30:00-05:00,5410,35.717537775636,27.8,98.3,0.63
2020-08-14 10:30:00-05:00,5411,48.93011812234,28.9,98.3,0.59
2020-08-14 11:30:00-05:00,5412,56.39052881366,29.4,98.2,0.55
2020-08-14 12:30:00-05:00,5413,63.67770741538,30.0,98.2,0.55
2020-08-14 13:30:00-05:00,5414,69.37083224258,30.6,98.1,0.53
2020-08-14 14:30:00-05:00,5415,73.50600585912,31.1,98.1,0.5
2020-08-14 15:30:00-05:00,5416,75.43781797978,30.6,98.0,0.59
2020-08-14 16:30:00-05:00,5417,42.91239770516,31.1,98.0,0.53
2020-08-14 17:30:00-05:00,5418,30.632309403413995,30.0,98.0,0.57
2020-08-14 18:30:00-05:00,5419,32.366912894776,29.4,98.0,0.57
2020-08-14 19:30:00-05:00,5420,13.647337984107999,26.7,98.1,0.74
2020-08-14 20:30:00-05:00,5421,0.0,25.6,98.1,0.79
2020-08-14 21:30:00-05:00,5422,0.0,25.0,98.2,0.82
2020-08-14 22:30:00-05:00,5423,0.0,24.4,98.2,0.88
2020-08-14 23:30:00-05:00,5424,0.0,23.9,98.2,0.9
2020-08-15 00:30:00-05:00,5425,0.0,23.3,98.2,0.94
2020-08-15 01:30:00-05:00,5426,0.0,23.3,98.1,0.9
2020-08-15 02:30:00-05:00,5427,0.0,22.8,98.1,0.94
2020-08-15 03:30:00-05:00,5428,0.0,22.8,98.1,0.94
2020-08-15 04:30:00-05:00,5429,0.0,22.8,98.1,0.94
2020-08-15 05:30:00-05:00,5430,0.0,23.3,98.1,0.87
2020-08-15 06:30:00-05:00,5431,5.805175533068,22.8,98.2,0.9
2020-08-15 07:30:00-05:00,5432,6.19154368418,24.4,98.2,0.82
2020-08-15 08:30:00-05:00,5433,19.67779864491,25.6,98.2,0.79
2020-08-15 09:30:00-05:00,5434,35.433936383724,27.2,98.3,0.72
2020-08-15 10:30:00-05:00,5435,50.102283433619995,28.3,98.3,0.65
2020-08-15 11:30:00-05:00,5436,57.51865951175999,28.3,98.2,0.65
2020-08-15 12:30:00-05:00,5437,66.98467697283999,29.4,98.2,0.63
2020-08-15 13:30:00-05:00,5438,75.5345792072,30.0,98.1,0.59
2020-08-15 14:30:00-05:00,5439,86.25957597965999,32.2,98.0,0.52
2020-08-15 15:30:00-05:00,5440,92.86782418076,32.2,98.0,0.52
2020-08-15 16:30:00-05:00,5441,50.68519149326,31.1,98.0,0.52
2020-08-15 17:30:00-05:00,5442,32.604342765548,30.6,98.0,0.57
2020-08-15 18:30:00-05:00,5443,29.547876483529997,27.8,98.0,0.72
2020-08-15 19:30:00-05:00,5444,12.046490399766,27.2,98.0,0.72
2020-08-15 20:30:00-05:00,5445,0.0,26.7,98.1,0.74
2020-08-15 21:30:00-05:00,5446,0.0,25.6,98.1,0.82
2020-08-15 22:30:00-05:00,5447,0.0,25.0,98.1,0.82
2020-08-15 23:30:00-05:00,5448,0.0,24.4,98.1,0.82
2020-08-16 00:30:00-05:00,5449,0.0,24.4,98.1,0.85
2020-08-16 01:30:00-05:00,5450,0.0,23.9,98.1,0.87
2020-08-16 02:30:00-05:00,5451,0.0,23.3,98.1,0.9
2020-08-16 03:30:00-05:00,5452,0.0,23.3,98.1,0.9
2020-08-16 04:30:00-05:00,5453,0.0,23.3,98.1,0.9
2020-08-16 05:30:00-05:00,5454,0.0,22.8,98.1,0.94
2020-08-16 06:30:00-05:00,5455,5.776948534225999,23.3,98.1,0.9
2020-08-16 07:30:00-05:00,5456,6.67948295322,25.0,98.2,0.82
2020-08-16 08:30:00-05:00,5457,27.547710807192,27.8,98.2,0.67
2020-08-16 09:30:00-05:00,5458,45.521586278,29.4,98.2,0.59
2020-08-16 10:30:00-05:00,5459,62.715280513639996,30.6,98.2,0.55
2020-08-16 11:30:00-05:00,5460,73.00066122892,31.1,98.1,0.53
2020-08-16 12:30:00-05:00,5461,81.14736539428,31.7,98.1,0.52
2020-08-16 13:30:00-05:00,5462,91.0441935514,32.8,98.1,0.5
2020-08-16 14:30:00-05:00,5463,97.24778009868,32.8,98.0,0.5
2020-08-16 15:30:00-05:00,5464,95.74688719788,32.8,97.9,0.5
2020-08-16 16:30:00-05:00,5465,55.075396393839995,33.3,97.9,0.44
2020-08-16 17:30:00-05:00,5466,38.75712900804,32.2,97.9,0.48
2020-08-16 18:30:00-05:00,5467,42.75243462427999,31.7,98.0,0.48
2020-08-16 19:30:00-05:00,5468,22.285271218157998,30.6,98.0,0.55
2020-08-16 20:30:00-05:00,5469,15.913632132708,28.9,98.0,0.65
2020-08-16 21:30:00-05:00,5470,3.2840670437313997,27.2,98.1,0.74
2020-08-16 22:30:00-05:00,5471,0.0,26.1,98.1,0.77
2020-08-16 23:30:00-05:00,5472,0.0,25.0,98.1,0.82
2020-08-17 00:30:00-05:00,5473,0.0,25.0,98.1,0.82
2020-08-17 01:30:00-05:00,5474,0.0,24.4,98.1,0.88
2020-08-17 02:30:00-05:00,5475,0.0,23.9,98.1,0.87
2020-08-17 03:30:00-05:00,5476,0.0,23.3,98.1,0.9
2020-08-17 04:30:00-05:00,5477,0.0,23.3,98.1,0.9
2020-08-17 05:30:00-05:00,5478,0.0,23.3,98.2,0.9
2020-08-17 06:30:00-05:00,5479,6.380417071466,24.4,98.2,0.85
2020-08-17 07:30:00-05:00,5480,8.136479811602,26.1,98.2,0.79
2020-08-17 08:30:00-05:00,5481,30.648810039521997,28.3,98.2,0.7
2020-08-17 09:30:00-05:00,5482,47.04790305676,28.9,98.3,0.67
2020-08-17 10:30:00-05:00,5483,62.5810686108,30.6,98.3,0.59
2020-08-17 11:30:00-05:00,5484,73.96444721358,31.7,98.2,0.55
2020-08-17 12:30:00-05:00,5485,87.37537282243999,32.8,98.2,0.52
2020-08-17 13:30:00-05:00,5486,96.93251019206,33.3,98.2,0.47
2020-08-17 14:30:00-05:00,5487,100.89013343623999,33.3,98.1,0.47
2020-08-17 15:30:00-05:00,5488,101.23650991448,33.3,98.1,0.47
2020-08-17 16:30:00-05:00,5489,58.59971502782,33.3,98.0,0.46
2020-08-17 17:30:00-05:00,5490,40.46700998406,32.2,98.0,0.5
2020-08-17 18:30:00-05:00,5491,41.308804331219996,31.1,98.0,0.55
2020-08-17 19:30:00-05:00,5492,19.611197625216,30.0,98.0,0.61
2020-08-17 20:30:00-05:00,5493,10.59518367799,28.9,98.1,0.65
2020-08-17 21:30:00-05:00,5494,6.338278144488,27.8,98.1,0.69
2020-08-17 22:30:00-05:00,5495,0.0,27.8,98.1,0.69
2020-08-17 23:30:00-05:00,5496,0.0,26.7,98.1,0.74
2020-08-18 00:30:00-05:00,5497,0.0,26.1,98.0,0.74
2020-08-18 01:30:00-05:00,5498,0.0,25.6,98.0,0.77
2020-08-18 02:30:00-05:00,5499,0.0,24.4,98.0,0.82
2020-08-18 03:30:00-05:00,5500,0.0,23.3,98.0,0.87
2020-08-18 04:30:00-05:00,5501,0.0,23.3,98.0,0.9
2020-08-18 05:30:00-05:00,5502,0.0,22.8,98.0,0.9
2020-08-18 06:30:00-05:00,5503,6.095557059666,23.9,98.0,0.87
2020-08-18 07:30:00-05:00,5504,9.221907737736,26.1,98.0,0.77
2020-08-18 08:30:00-05:00,5505,31.421447823972,28.3,98.0,0.7
2020-08-18 09:30:00-05:00,5506,48.65545891223999,30.0,98.0,0.61
2020-08-18 10:30:00-05:00,5507,66.90429862804,32.2,98.0,0.5
2020-08-18 11:30:00-05:00,5508,83.92579487453999,33.9,98.0,0.44
2020-08-18 12:30:00-05:00,5509,98.64544701749999,34.4,97.9,0.37
2020-08-18 13:30:00-05:00,5510,99.45455304417999,33.3,97.8,0.42
2020-08-18 14:30:00-05:00,5511,102.17394814085999,34.4,97.8,0.39
2020-08-18 15:30:00-05:00,5512,106.55388005228,35.0,97.7,0.37
2020-08-18 16:30:00-05:00,5513,62.886672711639996,34.4,97.7,0.36
2020-08-18 17:30:00-05:00,5514,44.824151286799996,33.9,97.7,0.43
2020-08-18 18:30:00-05:00,5515,51.07079282853999,32.8,97.7,0.45
2020-08-18 19:30:00-05:00,5516,26.608051211772,31.7,97.7,0.45
2020-08-18 20:30:00-05:00,5517,21.153652198375998,31.1,97.7,0.5
2020-08-18 21:30:00-05:00,5518,11.745992610942,29.4,97.8,0.59
2020-08-18 22:30:00-05:00,5519,5.25995288146,28.9,97.8,0.63
2020-08-18 23:30:00-05:00,5520,1.8484446778403998,27.8,97.8,0.67
2020-08-19 00:30:00-05:00,5521,0.0,26.7,97.8,0.74
2020-08-19 01:30:00-05:00,5522,0.0,26.1,97.8,0.77
2020-08-19 02:30:00-05:00,5523,0.0,25.6,97.8,0.79
2020-08-19 03:30:00-05:00,5524,0.0,25.0,97.8,0.85
2020-08-19 04:30:00-05:00,5525,0.0,24.4,97.8,0.85
2020-08-19 05:30:00-05:00,5526,0.0,24.4,97.8,0.88
2020-08-19 06:30:00-05:00,5527,0.0,25.6,97.8,0.82
2020-08-19 07:30:00-05:00,5528,9.286371231704,27.2,97.8,0.74
2020-08-19 08:30:00-05:00,5529,27.52839573916,29.4,97.9,0.63
2020-08-19 09:30:00-05:00,5530,47.059212854639995,31.7,97.8,0.55
2020-08-19 10:30:00-05:00,5531,64.49659095796,32.2,97.8,0.52
2020-08-19 11:30:00-05:00,5532,71.76246497785999,32.8,97.8,0.47
2020-08-19 12:30:00-05:00,5533,77.074329749,33.3,97.7,0.44
2020-08-19 13:30:00-05:00,5534,83.26715518344,33.9,97.6,0.44
2020-08-19 14:30:00-05:00,5535,85.72832130634,33.3,97.6,0.47
2020-08-19 15:30:00-05:00,5536,55.53294916541999,32.8,97.5,0.49
2020-08-19 16:30:00-05:00,5537,39.5934680714,30.0,97.5,0.68
2020-08-19 17:30:00-05:00,5538,38.03713880486,28.3,97.5,0.7
2020-08-19 18:30:00-05:00,5539,17.820873921071996,27.8,97.5,0.72
2020-08-19 19:30:00-05:00,5540,9.882670976718,26.7,97.5,0.77
2020-08-19 20:30:00-05:00,5541,0.0,26.1,97.6,0.82
2020-08-19 21:30:00-05:00,5542,0.0,26.1,97.6,0.79
2020-08-19 22:30:00-05:00,5543,0.0,25.6,97.6,0.85
2020-08-19 23:30:00-05:00,5544,0.0,25.0,97.6,0.85
2020-08-20 00:30:00-05:00,5545,0.0,24.4,97.6,0.88
2020-08-20 01:30:00-05:00,5546,0.0,24.4,97.6,0.91
2020-08-20 02:30:00-05:00,5547,0.0,24.4,97.5,0.91
2020-08-20 03:30:00-05:00,5548,0.0,23.9,97.5,0.94
2020-08-20 04:30:00-05:00,5549,0.0,23.9,97.6,0.94
2020-08-20 05:30:00-05:00,5550,0.0,23.9,97.6,0.94
2020-08-20 06:30:00-05:00,5551,0.0,23.9,97.6,0.97
2020-08-20 07:30:00-05:00,5552,0.0,24.4,97.6,0.94
2020-08-20 08:30:00-05:00,5553,0.0,25.0,97.6,0.91
2020-08-20 09:30:00-05:00,5554,0.0,26.1,97.6,0.85
2020-08-20 10:30:00-05:00,5555,0.0,26.7,97.6,0.82
2020-08-20 11:30:00-05:00,5556,15.910797069292,30.0,97.5,0.65
2020-08-20 12:30:00-05:00,5557,26.510220403862,26.7,97.5,0.85
2020-08-20 13:30:00-05:00,5558,24.238959565772,29.4,97.4,0.65
2020-08-20 14:30:00-05:00,5559,37.309626907596,25.6,97.4,0.88
2020-08-20 15:30:00-05:00,5560,26.599132904448,28.3,97.3,0.74
2020-08-20 16:30:00-05:00,5561,35.73726291166199,27.8,97.4,0.77
2020-08-20 17:30:00-05:00,5562,17.311487685845997,26.1,97.5,0.74
2020-08-20 18:30:00-05:00,5563,5.935165036268,22.8,97.5,0.94
2020-08-20 19:30:00-05:00,5564,0.0,23.3,97.4,0.9
2020-08-20 20:30:00-05:00,5565,0.0,22.8,97.4,0.94
2020-08-20 21:30:00-05:00,5566,0.0,22.8,97.5,0.94
2020-08-20 22:30:00-05:00,5567,0.0,22.8,97.5,0.94
2020-08-20 23:30:00-05:00,5568,0.0,22.8,97.5,0.97
2020-08-21 00:30:00-05:00,5569,0.0,22.2,97.5,0.97
2020-08-21 01:30:00-05:00,5570,0.0,22.8,97.5,0.97
2020-08-21 02:30:00-05:00,5571,0.0,22.2,97.5,0.97
2020-08-21 03:30:00-05:00,5572,0.0,21.7,97.5,1.0
2020-08-21 04:30:00-05:00,5573,0.0,21.7,97.5,1.0
2020-08-21 05:30:00-05:00,5574,0.0,22.2,97.5,1.0
2020-08-21 06:30:00-05:00,5575,4.974223076564,22.2,97.6,1.0
2020-08-21 07:30:00-05:00,5576,5.524236406602,22.8,97.6,0.97
2020-08-21 08:30:00-05:00,5577,7.343597111888,23.3,97.7,0.94
2020-08-21 09:30:00-05:00,5578,16.712165660992,23.9,97.7,0.9
2020-08-21 10:30:00-05:00,5579,27.585664324566,25.0,97.7,0.88
2020-08-21 11:30:00-05:00,5580,38.49775851008,26.1,97.7,0.82
2020-08-21 12:30:00-05:00,5581,50.90995072329999,27.2,97.7,0.77
2020-08-21 13:30:00-05:00,5582,58.44060600036,27.2,97.6,0.74
2020-08-21 14:30:00-05:00,5583,68.92905285223999,30.0,97.5,0.63
2020-08-21 15:30:00-05:00,5584,76.19087381759999,30.0,97.5,0.61
2020-08-21 16:30:00-05:00,5585,41.5627239777,30.6,97.5,0.61
2020-08-21 17:30:00-05:00,5586,29.675852588459996,30.0,97.5,0.63
2020-08-21 18:30:00-05:00,5587,30.402401030722,28.9,97.6,0.67
2020-08-21 19:30:00-05:00,5588,12.561055126107998,27.8,97.6,0.72
2020-08-21 20:30:00-05:00,5589,0.0,26.7,97.7,0.74
2020-08-21 21:30:00-05:00,5590,0.0,25.6,97.7,0.85
2020-08-21 22:30:00-05:00,5591,0.0,25.0,97.7,0.85
2020-08-21 23:30:00-05:00,5592,0.0,24.4,97.8,0.85
2020-08-22 00:30:00-05:00,5593,0.0,23.3,97.8,0.94
2020-08-22 01:30:00-05:00,5594,0.0,23.3,97.8,0.9
2020-08-22 02:30:00-05:00,5595,0.0,23.9,97.8,0.87
2020-08-22 03:30:00-05:00,5596,0.0,23.3,97.8,0.87
2020-08-22 04:30:00-05:00,5597,0.0,22.8,97.8,0.9
2020-08-22 05:30:00-05:00,5598,0.0,22.8,97.9,0.9
2020-08-22 06:30:00-05:00,5599,5.0749988876279994,22.8,97.9,0.94
2020-08-22 07:30:00-05:00,5600,5.812554406089999,23.9,98.0,0.87
2020-08-22 08:30:00-05:00,5601,13.853014228684,25.0,98.0,0.85
2020-08-22 09:30:00-05:00,5602,32.723070550025994,27.2,98.0,0.77
2020-08-22 10:30:00-05:00,5603,47.93266605059999,28.3,98.1,0.72
2020-08-22 11:30:00-05:00,5604,59.069444732579996,29.4,98.0,0.65
2020-08-22 12:30:00-05:00,5605,68.29053355542,28.9,98.0,0.67
2020-08-22 13:30:00-05:00,5606,73.72693004594,30.0,98.0,0.63
2020-08-22 14:30:00-05:00,5607,78.47407645228,30.0,97.9,0.61
2020-08-22 15:30:00-05:00,5608,76.38520842782,30.0,97.9,0.61
2020-08-22 16:30:00-05:00,5609,37.06490163521,28.3,97.9,0.72
2020-08-22 17:30:00-05:00,5610,23.4593370557,28.9,98.0,0.7
2020-08-22 18:30:00-05:00,5611,21.905622993848,27.8,98.0,0.74
2020-08-22 19:30:00-05:00,5612,4.997416190819999,25.6,98.1,0.82
2020-08-22 20:30:00-05:00,5613,0.0,25.6,98.1,0.85
2020-08-22 21:30:00-05:00,5614,0.0,25.0,98.1,0.88
2020-08-22 22:30:00-05:00,5615,0.0,25.0,98.2,0.88
2020-08-22 23:30:00-05:00,5616,0.0,24.4,98.2,0.91
2020-08-23 00:30:00-05:00,5617,0.0,23.9,98.2,0.94
2020-08-23 01:30:00-05:00,5618,0.0,23.9,98.1,0.94
2020-08-23 02:30:00-05:00,5619,0.0,23.9,98.1,0.94
2020-08-23 03:30:00-05:00,5620,0.0,23.3,98.1,0.97
2020-08-23 04:30:00-05:00,5621,0.0,21.1,98.2,0.87
2020-08-23 05:30:00-05:00,5622,0.0,20.6,98.2,0.93
2020-08-23 06:30:00-05:00,5623,4.791678657222,21.7,98.2,0.93
2020-08-23 07:30:00-05:00,5624,5.21257828013,22.2,98.3,0.9
2020-08-23 08:30:00-05:00,5625,6.685748367152,22.2,98.3,0.94
2020-08-23 09:30:00-05:00,5626,15.236742542152,22.8,98.3,0.9
2020-08-23 10:30:00-05:00,5627,24.458049854694,23.9,98.3,0.87
2020-08-23 11:30:00-05:00,5628,31.330501127906,24.4,98.3,0.85
2020-08-23 12:30:00-05:00,5629,41.35396087084,25.6,98.2,0.82
2020-08-23 13:30:00-05:00,5630,51.53368799808,27.2,98.1,0.77
2020-08-23 14:30:00-05:00,5631,59.56198923226,27.8,98.0,0.72
2020-08-23 15:30:00-05:00,5632,61.43130925928,26.7,97.9,0.79
2020-08-23 16:30:00-05:00,5633,29.371304778331996,27.2,97.9,0.77
2020-08-23 17:30:00-05:00,5634,17.72094676435,26.1,97.9,0.82
2020-08-23 18:30:00-05:00,5635,9.51679298451,25.6,97.9,0.88
2020-08-23 19:30:00-05:00,5636,0.0,23.9,97.9,0.97
2020-08-23 20:30:00-05:00,5637,0.0,23.9,98.0,0.97
2020-08-23 21:30:00-05:00,5638,0.0,23.9,98.0,0.97
2020-08-23 22:30:00-05:00,5639,0.0,23.3,98.0,0.97
2020-08-23 23:30:00-05:00,5640,0.0,23.3,97.9,0.97
2020-08-24 00:30:00-05:00,5641,0.0,22.8,97.9,0.97
2020-08-24 01:30:00-05:00,5642,0.0,22.8,97.8,0.97
2020-08-24 02:30:00-05:00,5643,0.0,22.8,97.8,0.97
2020-08-24 03:30:00-05:00,5644,0.0,22.8,97.8,0.94
2020-08-24 04:30:00-05:00,5645,0.0,22.8,97.7,1.0
2020-08-24 05:30:00-05:00,5646,0.0,23.3,97.8,0.97
2020-08-24 06:30:00-05:00,5647,6.210640134107999,23.3,97.8,0.94
2020-08-24 07:30:00-05:00,5648,6.1800238705599995,23.9,97.8,0.9
2020-08-24 08:30:00-05:00,5649,10.570965493974,23.3,97.7,0.97
2020-08-24 09:30:00-05:00,5650,21.636291305582,23.9,97.8,0.94
2020-08-24 10:30:00-05:00,5651,32.490230405324,25.0,97.8,0.88
2020-08-24 11:30:00-05:00,5652,44.68708450362,27.2,97.8,0.74
2020-08-24 12:30:00-05:00,5653,61.19108655624,28.3,97.7,0.7
2020-08-24 13:30:00-05:00,5654,71.16787576572,28.9,97.6,0.7
2020-08-24 14:30:00-05:00,5655,77.69378439034,29.4,97.5,0.65
2020-08-24 15:30:00-05:00,5656,78.09327951931999,30.0,97.5,0.59
2020-08-24 16:30:00-05:00,5657,38.26506849042,28.9,97.5,0.65
2020-08-24 17:30:00-05:00,5658,23.330794529762,28.3,97.5,0.65
2020-08-24 18:30:00-05:00,5659,23.000006162014,27.8,97.5,0.61
2020-08-24 19:30:00-05:00,5660,6.5405317386399995,25.6,97.5,0.72
2020-08-24 20:30:00-05:00,5661,0.35624156966238,25.0,97.6,0.76
2020-08-24 21:30:00-05:00,5662,0.0,23.9,97.6,0.85
2020-08-24 22:30:00-05:00,5663,0.0,23.3,97.6,0.87
2020-08-24 23:30:00-05:00,5664,0.0,21.7,97.5,0.97
2020-08-25 00:30:00-05:00,5665,0.0,21.7,97.5,0.81
2020-08-25 01:30:00-05:00,5666,0.0,21.7,97.6,0.84
2020-08-25 02:30:00-05:00,5667,0.0,20.6,97.6,0.87
2020-08-25 03:30:00-05:00,5668,0.0,20.0,97.5,0.84
2020-08-25 04:30:00-05:00,5669,0.0,19.4,97.5,0.87
2020-08-25 05:30:00-05:00,5670,0.0,18.3,97.6,0.9
2020-08-25 06:30:00-05:00,5671,0.94019417201,18.9,97.6,0.84
2020-08-25 07:30:00-05:00,5672,2.7650155668924,21.7,97.7,0.68
2020-08-25 08:30:00-05:00,5673,4.740960411002,24.4,97.7,0.54
2020-08-25 09:30:00-05:00,5674,15.315189923374,27.8,97.7,0.43
2020-08-25 10:30:00-05:00,5675,35.415450918316,28.9,97.7,0.35
2020-08-25 11:30:00-05:00,5676,44.694596332219994,29.4,97.7,0.35
2020-08-25 12:30:00-05:00,5677,54.521167159159994,30.0,97.6,0.35
2020-08-25 13:30:00-05:00,5678,62.990726048240006,31.1,97.5,0.3
2020-08-25 14:30:00-05:00,5679,68.93091316009999,31.1,97.5,0.33
2020-08-25 15:30:00-05:00,5680,71.83161540794,31.7,97.4,0.33
2020-08-25 16:30:00-05:00,5681,39.11600278948,31.1,97.4,0.34
2020-08-25 17:30:00-05:00,5682,24.786610657843998,30.0,97.4,0.36
2020-08-25 18:30:00-05:00,5683,21.863088949595998,28.9,97.4,0.38
2020-08-25 19:30:00-05:00,5684,2.1197332620928,26.1,97.5,0.51
2020-08-25 20:30:00-05:00,5685,0.0,26.1,97.5,0.49
2020-08-25 21:30:00-05:00,5686,0.0,25.6,97.5,0.5
2020-08-25 22:30:00-05:00,5687,0.0,24.4,97.5,0.54
2020-08-25 23:30:00-05:00,5688,0.0,23.9,97.5,0.58
2020-08-26 00:30:00-05:00,5689,0.0,21.7,97.5,0.68
2020-08-26 01:30:00-05:00,5690,0.0,22.2,97.5,0.64
2020-08-26 02:30:00-05:00,5691,0.0,21.7,97.5,0.68
2020-08-26 03:30:00-05:00,5692,0.0,21.7,97.4,0.64
2020-08-26 04:30:00-05:00,5693,0.0,21.7,97.5,0.64
2020-08-26 05:30:00-05:00,5694,0.0,21.7,97.5,0.66
2020-08-26 06:30:00-05:00,5695,0.0,22.2,97.5,0.66
2020-08-26 07:30:00-05:00,5696,2.3755340812220003,22.8,97.6,0.66
2020-08-26 08:30:00-05:00,5697,3.3459225162501998,24.4,97.6,0.62
2020-08-26 09:30:00-05:00,5698,7.09236503171,27.2,97.6,0.54
2020-08-26 10:30:00-05:00,5699,25.397956429289998,28.9,97.6,0.51
2020-08-26 11:30:00-05:00,5700,38.64015000032,30.6,97.6,0.48
2020-08-26 12:30:00-05:00,5701,51.889717070639996,31.7,97.6,0.42
2020-08-26 13:30:00-05:00,5702,62.515676951859994,32.8,97.4,0.33
2020-08-26 14:30:00-05:00,5703,64.98047881443999,31.1,97.4,0.42
2020-08-26 15:30:00-05:00,5704,38.4426339104,31.1,97.4,0.42
2020-08-26 16:30:00-05:00,5705,29.188289722757997,30.6,97.5,0.4
2020-08-26 17:30:00-05:00,5706,33.882802170144,30.6,97.4,0.42
2020-08-26 18:30:00-05:00,5707,19.324173978763998,28.9,97.4,0.51
2020-08-26 19:30:00-05:00,5708,9.379553286623999,27.2,97.5,0.6
2020-08-26 20:30:00-05:00,5709,0.0,27.2,97.6,0.6
2020-08-26 21:30:00-05:00,5710,0.0,25.6,97.6,0.67
2020-08-26 22:30:00-05:00,5711,0.0,24.4,97.7,0.67
2020-08-26 23:30:00-05:00,5712,0.0,23.9,97.7,0.69
2020-08-27 00:30:00-05:00,5713,0.0,23.3,97.7,0.69
2020-08-27 01:30:00-05:00,5714,0.0,22.8,97.7,0.74
2020-08-27 02:30:00-05:00,5715,0.0,22.2,97.7,0.76
2020-08-27 03:30:00-05:00,5716,0.0,21.7,97.7,0.79
2020-08-27 04:30:00-05:00,5717,0.0,20.6,97.7,0.84
2020-08-27 05:30:00-05:00,5718,0.0,20.6,97.8,0.87
2020-08-27 06:30:00-05:00,5719,0.0,21.1,97.9,0.87
2020-08-27 07:30:00-05:00,5720,0.0,22.8,97.9,0.84
2020-08-27 08:30:00-05:00,5721,0.0,25.0,97.9,0.74
2020-08-27 09:30:00-05:00,5722,0.0,27.2,97.9,0.63
2020-08-27 10:30:00-05:00,5723,0.0,30.6,98.0,0.52
2020-08-27 11:30:00-05:00,5724,28.991213706733998,31.1,97.9,0.47
2020-08-27 12:30:00-05:00,5725,28.680287352038,31.7,97.9,0.47
2020-08-27 13:30:00-05:00,5726,44.70542715568,31.7,97.8,0.45
2020-08-27 14:30:00-05:00,5727,35.115629763724,31.7,97.8,0.41
2020-08-27 15:30:00-05:00,5728,46.842736559079995,31.7,97.8,0.41
2020-08-27 16:30:00-05:00,5729,32.162150716526,31.1,97.8,0.42
2020-08-27 17:30:00-05:00,5730,34.86185546986599,30.0,97.8,0.5
2020-08-27 18:30:00-05:00,5731,17.68280463333,28.9,97.9,0.51
2020-08-27 19:30:00-05:00,5732,8.57455238843,27.2,97.9,0.56
2020-08-27 20:30:00-05:00,5733,0.0,26.1,98.0,0.69
2020-08-27 21:30:00-05:00,5734,0.0,25.0,98.0,0.79
2020-08-27 22:30:00-05:00,5735,0.0,23.9,98.0,0.82
2020-08-27 23:30:00-05:00,5736,0.0,22.8,98.1,0.82
2020-08-28 00:30:00-05:00,5737,0.0,22.2,98.1,0.84
2020-08-28 01:30:00-05:00,5738,0.0,22.2,98.0,0.87
2020-08-28 02:30:00-05:00,5739,0.0,21.7,98.0,0.9
2020-08-28 03:30:00-05:00,5740,0.0,21.1,98.0,0.93
2020-08-28 04:30:00-05:00,5741,0.0,21.7,98.0,0.9
2020-08-28 05:30:00-05:00,5742,0.0,21.1,98.0,0.93
2020-08-28 06:30:00-05:00,5743,3.4492640747437995,21.1,98.1,0.93
2020-08-28 07:30:00-05:00,5744,4.632411945342,22.8,98.1,0.87
2020-08-28 08:30:00-05:00,5745,6.461129439914,24.4,98.1,0.79
2020-08-28 09:30:00-05:00,5746,22.038979221542,26.1,98.1,0.69
2020-08-28 10:30:00-05:00,5747,34.033315393049996,26.7,98.1,0.65
2020-08-28 11:30:00-05:00,5748,42.71017614972,27.8,98.0,0.59
2020-08-28 12:30:00-05:00,5749,54.7266240916,28.3,98.0,0.59
2020-08-28 13:30:00-05:00,5750,57.58322399924,28.3,97.9,0.59
2020-08-28 14:30:00-05:00,5751,57.427944932879996,29.4,97.8,0.55
2020-08-28 15:30:00-05:00,5752,62.26810322786,30.0,97.8,0.53
2020-08-28 16:30:00-05:00,5753,35.225434176124,31.1,97.8,0.5
2020-08-28 17:30:00-05:00,5754,26.004956512034,30.0,97.8,0.53
2020-08-28 18:30:00-05:00,5755,25.717219247204,29.4,97.8,0.55
2020-08-28 19:30:00-05:00,5756,10.187135820686,27.8,97.9,0.63
2020-08-28 20:30:00-05:00,5757,0.0,26.1,97.9,0.72
2020-08-28 21:30:00-05:00,5758,0.0,25.0,98.0,0.79
2020-08-28 22:30:00-05:00,5759,0.0,24.4,98.0,0.82
2020-08-28 23:30:00-05:00,5760,0.0,23.9,98.0,0.87
2020-08-29 00:30:00-05:00,5761,0.0,23.3,98.0,0.9
2020-08-29 01:30:00-05:00,5762,0.0,22.8,98.0,0.9
2020-08-29 02:30:00-05:00,5763,0.0,22.8,97.9,0.9
2020-08-29 03:30:00-05:00,5764,0.0,22.2,97.9,0.94
2020-08-29 04:30:00-05:00,5765,0.0,22.8,97.9,0.9
2020-08-29 05:30:00-05:00,5766,0.0,22.2,98.0,0.94
2020-08-29 06:30:00-05:00,5767,4.654145455012,22.8,98.0,0.9
2020-08-29 07:30:00-05:00,5768,5.666865390002,24.4,98.0,0.85
2020-08-29 08:30:00-05:00,5769,14.518821854083999,26.7,98.0,0.74
2020-08-29 09:30:00-05:00,5770,35.944274128956,28.9,98.1,0.63
2020-08-29 10:30:00-05:00,5771,51.73504376266,30.0,98.0,0.53
2020-08-29 11:30:00-05:00,5772,61.96448266926,30.6,98.0,0.52
2020-08-29 12:30:00-05:00,5773,67.51339295584,30.0,98.0,0.55
2020-08-29 13:30:00-05:00,5774,73.96988345254,32.8,97.9,0.42
2020-08-29 14:30:00-05:00,5775,83.38461860224,33.3,97.8,0.38
2020-08-29 15:30:00-05:00,5776,82.74411904904001,32.2,97.7,0.42
2020-08-29 16:30:00-05:00,5777,43.514659181519995,32.2,97.7,0.42
2020-08-29 17:30:00-05:00,5778,26.958143348479997,29.4,97.7,0.57
2020-08-29 18:30:00-05:00,5779,20.381197354589997,27.8,97.7,0.65
2020-08-29 19:30:00-05:00,5780,4.165797517366,27.2,97.8,0.69
2020-08-29 20:30:00-05:00,5781,0.0,25.6,97.9,0.74
2020-08-29 21:30:00-05:00,5782,0.0,24.4,97.9,0.74
2020-08-29 22:30:00-05:00,5783,0.0,24.4,97.9,0.74
2020-08-29 23:30:00-05:00,5784,0.0,23.3,97.9,0.85
2020-08-30 00:30:00-05:00,5785,0.0,22.8,97.9,0.9
2020-08-30 01:30:00-05:00,5786,0.0,22.2,97.8,0.87
2020-08-30 02:30:00-05:00,5787,0.0,21.1,97.8,0.97
2020-08-30 03:30:00-05:00,5788,0.0,21.1,97.7,0.84
2020-08-30 04:30:00-05:00,5789,0.0,20.6,97.8,0.87
2020-08-30 05:30:00-05:00,5790,0.0,20.6,97.8,0.87
2020-08-30 06:30:00-05:00,5791,2.9240830234163995,20.0,97.9,0.93
2020-08-30 07:30:00-05:00,5792,3.7983749689993997,21.1,97.9,0.87
2020-08-30 08:30:00-05:00,5793,5.1807693464539994,22.2,97.9,0.82
2020-08-30 09:30:00-05:00,5794,14.824296454571998,25.0,97.9,0.71
2020-08-30 10:30:00-05:00,5795,30.282475512957998,25.6,97.9,0.72
2020-08-30 11:30:00-05:00,5796,31.438528606459997,25.6,97.9,0.77
2020-08-30 12:30:00-05:00,5797,38.04871182228,26.7,97.9,0.67
2020-08-30 13:30:00-05:00,5798,50.8647945861,29.4,97.7,0.55
2020-08-30 14:30:00-05:00,5799,59.2173757834,29.4,97.7,0.53
2020-08-30 15:30:00-05:00,5800,63.0128734598,30.0,97.6,0.53
2020-08-30 16:30:00-05:00,5801,34.083647396136,30.6,97.6,0.52
2020-08-30 17:30:00-05:00,5802,22.185129102466,28.9,97.6,0.57
2020-08-30 18:30:00-05:00,5803,16.108386540631997,26.1,97.6,0.69
2020-08-30 19:30:00-05:00,5804,2.2895547343107996,24.4,97.7,0.74
2020-08-30 20:30:00-05:00,5805,0.0,23.9,97.8,0.74
2020-08-30 21:30:00-05:00,5806,0.0,22.8,97.8,0.84
2020-08-30 22:30:00-05:00,5807,0.0,22.8,97.8,0.87
2020-08-30 23:30:00-05:00,5808,0.0,22.2,97.8,0.9
2020-08-31 00:30:00-05:00,5809,0.0,21.7,97.8,0.93
2020-08-31 01:30:00-05:00,5810,0.0,21.7,97.8,0.93
2020-08-31 02:30:00-05:00,5811,0.0,22.2,97.8,0.94
2020-08-31 03:30:00-05:00,5812,0.0,22.2,97.8,0.94
2020-08-31 04:30:00-05:00,5813,0.0,21.7,97.8,0.93
2020-08-31 05:30:00-05:00,5814,0.0,21.7,97.9,0.9
2020-08-31 06:30:00-05:00,5815,3.89106454482,21.1,97.9,0.93
2020-08-31 07:30:00-05:00,5816,4.16136219586,21.1,97.9,0.93
2020-08-31 08:30:00-05:00,5817,4.7856805591919995,21.1,98.0,0.93
2020-08-31 09:30:00-05:00,5818,5.58526942435,22.2,98.1,0.84
2020-08-31 10:30:00-05:00,5819,14.109251381012,22.8,98.1,0.82
2020-08-31 11:30:00-05:00,5820,19.90918377763,23.9,98.1,0.79
2020-08-31 12:30:00-05:00,5821,26.189971647144,24.4,98.1,0.76
2020-08-31 13:30:00-05:00,5822,29.160005584722,23.9,98.1,0.76
2020-08-31 14:30:00-05:00,5823,28.604884576681997,23.9,98.1,0.76
2020-08-31 15:30:00-05:00,5824,26.391366729336,23.3,98.0,0.76
2020-08-31 16:30:00-05:00,5825,0.0,22.8,98.0,0.79
2020-08-31 17:30:00-05:00,5826,0.0,22.8,98.0,0.79
2020-08-31 18:30:00-05:00,5827,0.0,22.2,98.1,0.82
2020-08-31 19:30:00-05:00,5828,0.0,22.2,98.1,0.84
2020-08-31 20:30:00-05:00,5829,0.0,21.7,98.2,0.87
2020-08-31 21:30:00-05:00,5830,0.0,21.6,98.3,0.84
2020-08-31 22:30:00-05:00,5831,0.0,21.5,98.3,0.79
2020-08-31 23:30:00-05:00,5832,0.0,21.4,98.3,0.76
2020-09-01 00:30:00-05:00,5833,0.0,21.4,97.8,0.76
2020-09-01 01:30:00-05:00,5834,0.0,21.3,97.8,0.78
2020-09-01 02:30:00-05:00,5835,0.0,21.2,97.8,0.78
2020-09-01 03:30:00-05:00,5836,0.0,21.1,97.8,0.78
2020-09-01 04:30:00-05:00,5837,0.0,20.6,97.8,0.84
2020-09-01 05:30:00-05:00,5838,0.0,20.6,97.9,0.81
2020-09-01 06:30:00-05:00,5839,1.2670489569938,20.6,97.9,0.81
2020-09-01 07:30:00-05:00,5840,2.313689492458,20.0,97.9,0.81
2020-09-01 08:30:00-05:00,5841,3.1106947586641995,21.1,97.9,0.81
2020-09-01 09:30:00-05:00,5842,3.803499434858,21.7,98.0,0.81
2020-09-01 10:30:00-05:00,5843,4.742896328032,22.8,98.0,0.76
2020-09-01 11:30:00-05:00,5844,9.8270657872,23.9,97.9,0.69
2020-09-01 12:30:00-05:00,5845,20.480398440106,25.0,97.9,0.62
2020-09-01 13:30:00-05:00,5846,25.585283378759996,25.6,97.9,0.6
2020-09-01 14:30:00-05:00,5847,29.007350997482,26.7,97.8,0.58
2020-09-01 15:30:00-05:00,5848,26.859468218531998,24.4,97.8,0.62
2020-09-01 16:30:00-05:00,5849,0.0,24.4,97.8,0.62
2020-09-01 17:30:00-05:00,5850,0.0,23.9,97.8,0.66
2020-09-01 18:30:00-05:00,5851,0.0,23.3,97.8,0.69
2020-09-01 19:30:00-05:00,5852,0.0,22.8,97.8,0.73
2020-09-01 20:30:00-05:00,5853,0.0,22.8,97.8,0.73
2020-09-01 21:30:00-05:00,5854,0.0,22.2,97.9,0.79
2020-09-01 22:30:00-05:00,5855,0.0,21.1,97.9,0.73
2020-09-01 23:30:00-05:00,5856,0.0,19.0,97.9,0.88
2020-09-02 00:30:00-05:00,5857,0.0,20.0,97.8,0.87
2020-09-02 01:30:00-05:00,5858,0.0,20.0,97.8,0.87
2020-09-02 02:30:00-05:00,5859,0.0,20.0,97.8,0.84
2020-09-02 03:30:00-05:00,5860,0.0,20.6,97.8,0.81
2020-09-02 04:30:00-05:00,5861,0.0,20.0,97.8,0.87
2020-09-02 05:30:00-05:00,5862,0.0,20.6,97.8,0.87
2020-09-02 06:30:00-05:00,5863,0.0,20.6,97.8,0.87
2020-09-02 07:30:00-05:00,5864,0.0,21.1,97.9,0.81
2020-09-02 08:30:00-05:00,5865,0.0,20.6,97.9,0.9
2020-09-02 09:30:00-05:00,5866,0.30524710944898,21.1,97.9,0.87
2020-09-02 10:30:00-05:00,5867,0.9444045413858,21.7,97.9,0.87
2020-09-02 11:30:00-05:00,5868,0.7589327136231999,22.2,97.9,0.84
2020-09-02 12:30:00-05:00,5869,1.1889594848099998,22.8,97.9,0.81
2020-09-02 13:30:00-05:00,5870,1.4428413164336,22.8,97.8,0.84
2020-09-02 14:30:00-05:00,5871,1.6021796466057998,23.3,97.8,0.82
2020-09-02 15:30:00-05:00,5872,0.0,23.3,97.7,0.82
2020-09-02 16:30:00-05:00,5873,0.0,23.3,97.7,0.82
2020-09-02 17:30:00-05:00,5874,0.0,23.3,97.7,0.85
2020-09-02 18:30:00-05:00,5875,0.0,22.8,97.7,0.87
2020-09-02 19:30:00-05:00,5876,0.0,22.8,97.8,0.87
2020-09-02 20:30:00-05:00,5877,0.0,22.2,97.8,0.91
2020-09-02 21:30:00-05:00,5878,0.0,22.2,97.8,0.87
2020-09-02 22:30:00-05:00,5879,0.0,21.7,97.8,0.9
2020-09-02 23:30:00-05:00,5880,0.0,21.7,97.8,0.9
2020-09-03 00:30:00-05:00,5881,0.0,21.7,97.8,0.9
2020-09-03 01:30:00-05:00,5882,0.0,22.0,97.6,0.94
2020-09-03 02:30:00-05:00,5883,0.0,21.7,97.7,0.93
2020-09-03 03:30:00-05:00,5884,0.0,21.7,97.7,0.94
2020-09-03 04:30:00-05:00,5885,0.0,21.7,97.7,0.93
2020-09-03 05:30:00-05:00,5886,0.0,21.7,97.8,0.93
2020-09-03 06:30:00-05:00,5887,0.0,21.7,97.8,0.93
2020-09-03 07:30:00-05:00,5888,0.0,22.2,97.8,0.91
2020-09-03 08:30:00-05:00,5889,0.0,22.8,97.8,0.87
2020-09-03 09:30:00-05:00,5890,0.0,24.4,97.8,0.79
2020-09-03 10:30:00-05:00,5891,0.0,25.0,97.8,0.77
2020-09-03 11:30:00-05:00,5892,0.0,26.7,97.8,0.71
2020-09-03 12:30:00-05:00,5893,0.0,28.3,97.7,0.63
2020-09-03 13:30:00-05:00,5894,0.0,28.3,97.7,0.65
2020-09-03 14:30:00-05:00,5895,0.0,29.4,97.6,0.57
2020-09-03 15:30:00-05:00,5896,8.236699885966,30.0,97.5,0.59
2020-09-03 16:30:00-05:00,5897,7.212236707958,30.0,97.5,0.53
2020-09-03 17:30:00-05:00,5898,2.6046706315782,27.8,97.5,0.65
2020-09-03 18:30:00-05:00,5899,0.0,25.6,97.5,0.64
2020-09-03 19:30:00-05:00,5900,0.0,22.8,97.6,0.73
2020-09-03 20:30:00-05:00,5901,0.0,22.2,97.7,0.79
2020-09-03 21:30:00-05:00,5902,0.0,22.8,97.7,0.79
2020-09-03 22:30:00-05:00,5903,0.0,21.7,97.6,0.76
2020-09-03 23:30:00-05:00,5904,0.0,21.1,97.5,0.78
2020-09-04 00:30:00-05:00,5905,0.0,21.1,97.6,0.81
2020-09-04 01:30:00-05:00,5906,0.0,20.6,97.6,0.84
2020-09-04 02:30:00-05:00,5907,0.0,20.6,97.5,0.84
2020-09-04 03:30:00-05:00,5908,0.0,20.0,97.6,0.87
2020-09-04 04:30:00-05:00,5909,0.0,20.0,97.6,0.87
2020-09-04 05:30:00-05:00,5910,0.0,20.0,97.6,0.9
2020-09-04 06:30:00-05:00,5911,0.0,21.1,97.6,0.84
2020-09-04 07:30:00-05:00,5912,0.0,22.8,97.7,0.79
2020-09-04 08:30:00-05:00,5913,0.0,25.0,97.7,0.74
2020-09-04 09:30:00-05:00,5914,0.0,26.7,97.7,0.69
2020-09-04 10:30:00-05:00,5915,0.0,28.3,97.7,0.67
2020-09-04 11:30:00-05:00,5916,0.0,27.2,97.6,0.67
2020-09-04 12:30:00-05:00,5917,0.0,27.8,97.5,0.63
2020-09-04 13:30:00-05:00,5918,0.0,26.1,97.5,0.74
2020-09-04 14:30:00-05:00,5919,0.0,28.3,97.4,0.59
2020-09-04 15:30:00-05:00,5920,0.0,27.8,97.4,0.67
2020-09-04 16:30:00-05:00,5921,0.0,28.3,97.4,0.59
2020-09-04 17:30:00-05:00,5922,0.0,27.2,97.4,0.61
2020-09-04 18:30:00-05:00,5923,0.0,25.0,97.4,0.69
2020-09-04 19:30:00-05:00,5924,0.0,25.6,97.5,0.67
2020-09-04 20:30:00-05:00,5925,0.0,25.0,97.5,0.71
2020-09-04 21:30:00-05:00,5926,0.0,23.9,97.6,0.79
2020-09-04 22:30:00-05:00,5927,0.0,23.3,97.6,0.85
2020-09-04 23:30:00-05:00,5928,0.0,23.3,97.6,0.82
2020-09-05 00:30:00-05:00,5929,0.0,22.2,97.5,0.87
2020-09-05 01:30:00-05:00,5930,0.0,22.2,97.5,0.87
2020-09-05 02:30:00-05:00,5931,0.0,22.2,97.5,0.87
2020-09-05 03:30:00-05:00,5932,0.0,21.1,97.5,0.9
2020-09-05 04:30:00-05:00,5933,0.0,21.7,97.5,0.9
2020-09-05 05:30:00-05:00,5934,0.0,21.7,97.5,0.9
2020-09-05 06:30:00-05:00,5935,0.6709610890966,22.2,97.6,0.91
2020-09-05 07:30:00-05:00,5936,2.8588316003945997,22.8,97.6,0.87
2020-09-05 08:30:00-05:00,5937,4.531557104766,24.4,97.6,0.82
2020-09-05 09:30:00-05:00,5938,5.840504922594,25.6,97.7,0.76
2020-09-05 10:30:00-05:00,5939,10.799134611036,25.0,97.6,0.79
2020-09-05 11:30:00-05:00,5940,25.139082860065997,27.8,97.6,0.67
2020-09-05 12:30:00-05:00,5941,41.70135650946,28.9,97.5,0.61
2020-09-05 13:30:00-05:00,5942,44.18860833884,28.3,97.5,0.63
2020-09-05 14:30:00-05:00,5943,48.28692926848,30.0,97.4,0.55
2020-09-05 15:30:00-05:00,5944,48.931952836819995,28.3,97.3,0.55
2020-09-05 16:30:00-05:00,5945,17.493806710772002,29.4,97.3,0.53
2020-09-05 17:30:00-05:00,5946,12.120008700591999,28.9,97.3,0.53
2020-09-05 18:30:00-05:00,5947,1.4892035164283999,27.2,97.3,0.58
2020-09-05 19:30:00-05:00,5948,0.0,26.1,97.4,0.65
2020-09-05 20:30:00-05:00,5949,0.0,26.7,97.5,0.62
2020-09-05 21:30:00-05:00,5950,0.0,26.1,97.5,0.65
2020-09-05 22:30:00-05:00,5951,0.0,26.1,97.5,0.65
2020-09-05 23:30:00-05:00,5952,0.0,23.9,97.4,0.76
2020-09-06 00:30:00-05:00,5953,0.0,22.2,97.4,0.84
2020-09-06 01:30:00-05:00,5954,0.0,21.7,97.4,0.84
2020-09-06 02:30:00-05:00,5955,0.0,21.7,97.4,0.87
2020-09-06 03:30:00-05:00,5956,0.0,21.7,97.4,0.9
2020-09-06 04:30:00-05:00,5957,0.0,21.1,97.4,0.9
2020-09-06 05:30:00-05:00,5958,0.0,21.7,97.5,0.9
2020-09-06 06:30:00-05:00,5959,0.4831634918008,22.2,97.5,0.87
2020-09-06 07:30:00-05:00,5960,3.1957474524409997,24.4,97.6,0.82
2020-09-06 08:30:00-05:00,5961,5.589756141083999,26.7,97.6,0.71
2020-09-06 09:30:00-05:00,5962,13.422013035414,28.3,97.6,0.63
2020-09-06 10:30:00-05:00,5963,33.217684769448,28.9,97.6,0.61
2020-09-06 11:30:00-05:00,5964,44.89283288846,30.6,97.6,0.57
2020-09-06 12:30:00-05:00,5965,59.20146218063999,31.1,97.5,0.55
2020-09-06 13:30:00-05:00,5966,67.4165968619,31.1,97.5,0.55
2020-09-06 14:30:00-05:00,5967,67.06356585976,29.4,97.5,0.57
2020-09-06 15:30:00-05:00,5968,62.400603460979994,30.0,97.5,0.55
2020-09-06 16:30:00-05:00,5969,29.381105584279997,30.6,97.5,0.53
2020-09-06 17:30:00-05:00,5970,17.490872463708,29.4,97.5,0.59
2020-09-06 18:30:00-05:00,5971,8.570666972865999,27.8,97.5,0.65
2020-09-06 19:30:00-05:00,5972,0.0,27.2,97.5,0.69
2020-09-06 20:30:00-05:00,5973,0.0,26.7,97.6,0.69
2020-09-06 21:30:00-05:00,5974,0.0,26.7,97.6,0.71
2020-09-06 22:30:00-05:00,5975,0.0,25.0,97.6,0.79
2020-09-06 23:30:00-05:00,5976,0.0,24.4,97.6,0.82
2020-09-07 00:30:00-05:00,5977,0.0,23.9,97.6,0.84
2020-09-07 01:30:00-05:00,5978,0.0,23.3,97.6,0.87
2020-09-07 02:30:00-05:00,5979,0.0,23.3,97.6,0.85
2020-09-07 03:30:00-05:00,5980,0.0,22.8,97.6,0.87
2020-09-07 04:30:00-05:00,5981,0.0,22.2,97.6,0.91
2020-09-07 05:30:00-05:00,5982,0.0,22.2,97.7,0.91
2020-09-07 06:30:00-05:00,5983,1.4802773320159999,22.8,97.7,0.87
2020-09-07 07:30:00-05:00,5984,3.7338002993966,24.4,97.8,0.82
2020-09-07 08:30:00-05:00,5985,5.88516750029,26.7,97.7,0.74
2020-09-07 09:30:00-05:00,5986,15.070887430894,27.8,97.8,0.65
2020-09-07 10:30:00-05:00,5987,35.108026836887994,29.4,97.9,0.61
2020-09-07 11:30:00-05:00,5988,49.55815050634,31.1,97.7,0.52
2020-09-07 12:30:00-05:00,5989,60.15122132448,30.6,97.7,0.53
2020-09-07 13:30:00-05:00,5990,65.61299959541999,31.1,97.6,0.52
2020-09-07 14:30:00-05:00,5991,70.43417410462,31.7,97.5,0.48
2020-09-07 15:30:00-05:00,5992,72.01287596274,31.7,97.5,0.52
2020-09-07 16:30:00-05:00,5993,34.02089539268,30.6,97.5,0.53
2020-09-07 17:30:00-05:00,5994,19.756049826812,30.0,97.5,0.55
2020-09-07 18:30:00-05:00,5995,10.300014668229998,28.3,97.5,0.63
2020-09-07 19:30:00-05:00,5996,0.0,27.2,97.6,0.67
2020-09-07 20:30:00-05:00,5997,0.0,25.6,97.6,0.71
2020-09-07 21:30:00-05:00,5998,0.0,24.4,97.7,0.71
2020-09-07 22:30:00-05:00,5999,0.0,23.9,97.7,0.74
2020-09-07 23:30:00-05:00,6000,0.0,22.8,97.7,0.79
2020-09-08 00:30:00-05:00,6001,0.0,22.8,97.6,0.79
2020-09-08 01:30:00-05:00,6002,0.0,21.7,97.6,0.84
2020-09-08 02:30:00-05:00,6003,0.0,21.7,97.6,0.81
2020-09-08 03:30:00-05:00,6004,0.0,21.7,97.5,0.81
2020-09-08 04:30:00-05:00,6005,0.0,21.1,97.6,0.84
2020-09-08 05:30:00-05:00,6006,0.0,21.1,97.6,0.84
2020-09-08 06:30:00-05:00,6007,0.13632432853164,21.1,97.7,0.87
2020-09-08 07:30:00-05:00,6008,2.4674488491798,23.3,97.7,0.79
2020-09-08 08:30:00-05:00,6009,4.88007186193,26.1,97.7,0.69
2020-09-08 09:30:00-05:00,6010,8.679710878612,27.2,97.8,0.67
2020-09-08 10:30:00-05:00,6011,29.162775328189998,29.4,98.0,0.61
2020-09-08 11:30:00-05:00,6012,43.69889325228,30.6,97.8,0.55
2020-09-08 12:30:00-05:00,6013,50.9000021314,30.6,97.7,0.53
2020-09-08 13:30:00-05:00,6014,55.376461533,31.1,97.7,0.5
2020-09-08 14:30:00-05:00,6015,59.663706984739996,31.1,97.6,0.47
2020-09-08 15:30:00-05:00,6016,61.39661648781999,31.1,97.5,0.47
2020-09-08 16:30:00-05:00,6017,26.950366096643997,30.6,97.5,0.48
2020-09-08 17:30:00-05:00,6018,15.054192809307999,28.9,97.5,0.55
2020-09-08 18:30:00-05:00,6019,7.046808739576,28.3,97.5,0.59
2020-09-08 19:30:00-05:00,6020,0.0,27.8,97.6,0.6
2020-09-08 20:30:00-05:00,6021,0.0,25.6,97.7,0.71
2020-09-08 21:30:00-05:00,6022,0.0,25.0,97.7,0.74
2020-09-08 22:30:00-05:00,6023,0.0,23.9,97.7,0.79
2020-09-08 23:30:00-05:00,6024,0.0,23.3,97.7,0.82
2020-09-09 00:30:00-05:00,6025,0.0,22.8,97.7,0.81
2020-09-09 01:30:00-05:00,6026,0.0,22.2,97.6,0.84
2020-09-09 02:30:00-05:00,6027,0.0,22.2,97.6,0.82
2020-09-09 03:30:00-05:00,6028,0.0,21.7,97.6,0.87
2020-09-09 04:30:00-05:00,6029,0.0,21.7,97.6,0.84
2020-09-09 05:30:00-05:00,6030,0.0,22.2,97.7,0.82
2020-09-09 06:30:00-05:00,6031,0.0,22.2,97.7,0.82
2020-09-09 07:30:00-05:00,6032,0.439936078816,25.0,97.8,0.74
2020-09-09 08:30:00-05:00,6033,3.6622581384372,28.3,97.8,0.65
2020-09-09 09:30:00-05:00,6034,5.7962858036439995,28.9,97.8,0.63
2020-09-09 10:30:00-05:00,6035,20.007567940286,30.6,97.8,0.59
2020-09-09 11:30:00-05:00,6036,31.804263868463998,30.0,97.8,0.59
2020-09-09 12:30:00-05:00,6037,38.28365964424,30.6,97.7,0.53
2020-09-09 13:30:00-05:00,6038,32.7322680139,26.7,97.7,0.64
2020-09-09 14:30:00-05:00,6039,14.640392195235998,23.9,97.7,0.82
2020-09-09 15:30:00-05:00,6040,0.0,23.3,97.7,0.85
2020-09-09 16:30:00-05:00,6041,0.0,23.9,97.6,0.76
2020-09-09 17:30:00-05:00,6042,0.0,23.9,97.7,0.79
2020-09-09 18:30:00-05:00,6043,0.0,23.3,97.7,0.85
2020-09-09 19:30:00-05:00,6044,0.0,22.8,97.8,0.87
2020-09-09 20:30:00-05:00,6045,0.0,22.8,97.9,0.87
2020-09-09 21:30:00-05:00,6046,0.0,22.8,97.9,0.9
2020-09-09 22:30:00-05:00,6047,0.0,22.2,97.9,0.91
2020-09-09 23:30:00-05:00,6048,0.0,22.2,97.8,0.87
2020-09-10 00:30:00-05:00,6049,0.0,21.7,97.8,0.9
2020-09-10 01:30:00-05:00,6050,0.0,21.7,97.8,0.9
2020-09-10 02:30:00-05:00,6051,0.0,21.1,97.8,0.9
2020-09-10 03:30:00-05:00,6052,0.0,21.7,97.8,0.9
2020-09-10 04:30:00-05:00,6053,0.0,21.7,97.8,0.87
2020-09-10 05:30:00-05:00,6054,0.0,21.7,97.9,0.9
2020-09-10 06:30:00-05:00,6055,0.0,22.2,97.9,0.91
2020-09-10 07:30:00-05:00,6056,0.0,23.0,97.9,0.83
2020-09-10 08:30:00-05:00,6057,0.0,22.8,98.0,0.87
2020-09-10 09:30:00-05:00,6058,0.0,22.8,98.0,0.87
2020-09-10 10:30:00-05:00,6059,0.0,23.9,98.0,0.84
2020-09-10 11:30:00-05:00,6060,0.0,24.4,98.0,0.76
2020-09-10 12:30:00-05:00,6061,0.0,25.6,97.9,0.69
2020-09-10 13:30:00-05:00,6062,0.0,26.1,97.8,0.72
2020-09-10 14:30:00-05:00,6063,0.0,27.2,97.7,0.65
2020-09-10 15:30:00-05:00,6064,0.0,28.3,97.7,0.59
2020-09-10 16:30:00-05:00,6065,0.0,28.0,97.7,0.62
2020-09-10 17:30:00-05:00,6066,0.0,26.7,97.8,0.69
2020-09-10 18:30:00-05:00,6067,0.0,25.6,97.8,0.76
2020-09-10 19:30:00-05:00,6068,0.0,25.0,97.7,0.77
2020-09-10 20:30:00-05:00,6069,0.0,23.3,97.8,0.85
2020-09-10 21:30:00-05:00,6070,0.0,22.8,97.8,0.87
2020-09-10 22:30:00-05:00,6071,0.0,22.8,97.8,0.84
2020-09-10 23:30:00-05:00,6072,0.0,22.2,97.8,0.84
2020-09-11 00:30:00-05:00,6073,0.0,21.1,97.8,0.9
2020-09-11 01:30:00-05:00,6074,0.0,21.1,97.7,0.87
2020-09-11 02:30:00-05:00,6075,0.0,20.0,97.7,0.9
2020-09-11 03:30:00-05:00,6076,0.0,20.0,97.7,0.9
2020-09-11 04:30:00-05:00,6077,0.0,20.6,97.7,0.9
2020-09-11 05:30:00-05:00,6078,0.0,19.4,97.7,0.9
2020-09-11 06:30:00-05:00,6079,0.0,20.0,97.8,0.9
2020-09-11 07:30:00-05:00,6080,0.6423762530402,21.7,97.8,0.87
2020-09-11 08:30:00-05:00,6081,3.4271795944252,23.3,97.8,0.85
2020-09-11 09:30:00-05:00,6082,5.220594926265999,25.0,97.8,0.79
2020-09-11 10:30:00-05:00,6083,10.247017420232,26.7,97.8,0.74
2020-09-11 11:30:00-05:00,6084,26.46140609942,27.2,97.7,0.69
2020-09-11 12:30:00-05:00,6085,36.460770723504,27.2,97.7,0.69
2020-09-11 13:30:00-05:00,6086,42.27424383724,27.8,97.6,0.65
2020-09-11 14:30:00-05:00,6087,52.1792348895,29.4,97.6,0.59
2020-09-11 15:30:00-05:00,6088,57.277613085,30.0,97.5,0.55
2020-09-11 16:30:00-05:00,6089,23.283175184834,29.4,97.5,0.53
2020-09-11 17:30:00-05:00,6090,11.099708651685999,26.7,97.5,0.56
2020-09-11 18:30:00-05:00,6091,0.0,25.6,97.5,0.6
2020-09-11 19:30:00-05:00,6092,0.0,23.9,97.6,0.69
2020-09-11 20:30:00-05:00,6093,0.0,22.8,97.6,0.79
2020-09-11 21:30:00-05:00,6094,0.0,23.3,97.6,0.74
2020-09-11 22:30:00-05:00,6095,0.0,22.8,97.6,0.76
2020-09-11 23:30:00-05:00,6096,0.0,21.7,97.6,0.84
2020-09-12 00:30:00-05:00,6097,0.0,21.1,97.5,0.87
2020-09-12 01:30:00-05:00,6098,0.0,20.0,97.5,0.9
2020-09-12 02:30:00-05:00,6099,0.0,20.6,97.5,0.87
2020-09-12 03:30:00-05:00,6100,0.0,21.1,97.6,0.87
2020-09-12 04:30:00-05:00,6101,0.0,21.1,97.6,0.87
2020-09-12 05:30:00-05:00,6102,0.0,21.1,97.6,0.87
2020-09-12 06:30:00-05:00,6103,0.0,20.0,97.6,0.87
2020-09-12 07:30:00-05:00,6104,1.3750519444034,22.8,97.6,0.81
2020-09-12 08:30:00-05:00,6105,3.96760004804,24.4,97.7,0.71
2020-09-12 09:30:00-05:00,6106,5.643661811686,26.1,97.6,0.65
2020-09-12 10:30:00-05:00,6107,17.479555868958,27.8,97.6,0.6
2020-09-12 11:30:00-05:00,6108,34.344920152284,28.9,97.6,0.57
2020-09-12 12:30:00-05:00,6109,43.159528154979995,28.9,97.5,0.57
2020-09-12 13:30:00-05:00,6110,46.94999585916,29.4,97.4,0.53
2020-09-12 14:30:00-05:00,6111,52.36360019022,30.6,97.4,0.48
2020-09-12 15:30:00-05:00,6112,54.430687808639995,30.0,97.3,0.48
2020-09-12 16:30:00-05:00,6113,21.025247989398,29.4,97.3,0.5
2020-09-12 17:30:00-05:00,6114,8.91627161802,27.8,97.3,0.55
2020-09-12 18:30:00-05:00,6115,0.0,26.1,97.3,0.62
2020-09-12 19:30:00-05:00,6116,0.0,24.4,97.4,0.69
2020-09-12 20:30:00-05:00,6117,0.0,23.3,97.4,0.76
2020-09-12 21:30:00-05:00,6118,0.0,23.3,97.4,0.74
2020-09-12 22:30:00-05:00,6119,0.0,22.8,97.3,0.73
2020-09-12 23:30:00-05:00,6120,0.0,21.1,97.3,0.78
2020-09-13 00:30:00-05:00,6121,0.0,20.6,97.3,0.81
2020-09-13 01:30:00-05:00,6122,0.0,19.4,97.3,0.87
2020-09-13 02:30:00-05:00,6123,0.0,19.4,97.2,0.84
2020-09-13 03:30:00-05:00,6124,0.0,19.4,97.2,0.81
2020-09-13 04:30:00-05:00,6125,0.0,18.9,97.3,0.81
2020-09-13 05:30:00-05:00,6126,0.0,17.8,97.3,0.87
2020-09-13 06:30:00-05:00,6127,0.0,18.3,97.4,0.87
2020-09-13 07:30:00-05:00,6128,0.0,18.9,97.4,0.81
2020-09-13 08:30:00-05:00,6129,1.4068876759035998,20.6,97.5,0.54
2020-09-13 09:30:00-05:00,6130,2.8256479624888,21.7,97.5,0.45
2020-09-13 10:30:00-05:00,6131,3.5932557445619997,22.8,97.5,0.44
2020-09-13 11:30:00-05:00,6132,3.6931974809073997,22.8,97.5,0.44
2020-09-13 12:30:00-05:00,6133,6.8576377687039995,23.9,97.4,0.43
2020-09-13 13:30:00-05:00,6134,14.426354275809999,24.0,97.4,0.41
2020-09-13 14:30:00-05:00,6135,20.670071926701997,25.6,97.3,0.37
2020-09-13 15:30:00-05:00,6136,21.996998069424,24.4,97.3,0.4
2020-09-13 16:30:00-05:00,6137,0.0,23.3,97.3,0.43
2020-09-13 17:30:00-05:00,6138,0.0,22.2,97.4,0.44
2020-09-13 18:30:00-05:00,6139,0.0,20.6,97.4,0.53
2020-09-13 19:30:00-05:00,6140,0.0,18.3,97.5,0.63
2020-09-13 20:30:00-05:00,6141,0.0,17.8,97.5,0.67
2020-09-13 21:30:00-05:00,6142,0.0,16.7,97.6,0.72
2020-09-13 22:30:00-05:00,6143,0.0,16.0,97.6,0.77
2020-09-13 23:30:00-05:00,6144,0.0,15.6,97.6,0.78
2020-09-14 00:30:00-05:00,6145,0.0,14.4,97.6,0.81
2020-09-14 01:30:00-05:00,6146,0.0,14.4,97.5,0.81
2020-09-14 02:30:00-05:00,6147,0.0,13.9,97.6,0.83
2020-09-14 03:30:00-05:00,6148,0.0,12.8,97.6,0.86
2020-09-14 04:30:00-05:00,6149,0.0,12.2,97.6,0.86
2020-09-14 05:30:00-05:00,6150,0.0,12.2,97.7,0.86
2020-09-14 06:30:00-05:00,6151,0.0,12.8,97.8,0.86
2020-09-14 07:30:00-05:00,6152,0.0,15.0,97.8,0.81
2020-09-14 08:30:00-05:00,6153,0.0,18.3,97.9,0.65
2020-09-14 09:30:00-05:00,6154,0.2607369319553,20.6,97.9,0.51
2020-09-14 10:30:00-05:00,6155,2.1631566106244,22.2,97.9,0.44
2020-09-14 11:30:00-05:00,6156,3.1110851900023997,23.3,97.8,0.37
2020-09-14 12:30:00-05:00,6157,4.351865895436,25.0,97.8,0.3
2020-09-14 13:30:00-05:00,6158,11.613541893418,25.6,97.7,0.29
2020-09-14 14:30:00-05:00,6159,18.830144085608,26.1,97.7,0.29
2020-09-14 15:30:00-05:00,6160,20.708729203809998,25.6,97.7,0.32
2020-09-14 16:30:00-05:00,6161,0.0,25.0,97.6,0.35
2020-09-14 17:30:00-05:00,6162,0.0,23.3,97.6,0.4
2020-09-14 18:30:00-05:00,6163,0.0,21.7,97.7,0.44
2020-09-14 19:30:00-05:00,6164,0.0,21.7,97.7,0.45
2020-09-14 20:30:00-05:00,6165,0.0,20.0,97.7,0.5
2020-09-14 21:30:00-05:00,6166,0.0,18.9,97.8,0.59
2020-09-14 22:30:00-05:00,6167,0.0,17.2,97.8,0.65
2020-09-14 23:30:00-05:00,6168,0.0,17.2,97.8,0.67
2020-09-15 00:30:00-05:00,6169,0.0,16.1,97.8,0.72
2020-09-15 01:30:00-05:00,6170,0.0,15.6,97.8,0.75
2020-09-15 02:30:00-05:00,6171,0.0,15.0,97.8,0.75
2020-09-15 03:30:00-05:00,6172,0.0,15.0,97.7,0.75
2020-09-15 04:30:00-05:00,6173,0.0,15.0,97.8,0.75
2020-09-15 05:30:00-05:00,6174,0.0,14.4,97.8,0.78
2020-09-15 06:30:00-05:00,6175,0.0,15.0,97.8,0.77
2020-09-15 07:30:00-05:00,6176,0.0,18.9,97.9,0.63
2020-09-15 08:30:00-05:00,6177,0.037563824814396,21.7,97.9,0.49
2020-09-15 09:30:00-05:00,6178,1.9697834243291998,23.9,98.0,0.45
2020-09-15 10:30:00-05:00,6179,3.9679947184339994,25.6,98.0,0.42
2020-09-15 11:30:00-05:00,6180,5.305745334474,26.7,97.9,0.39
2020-09-15 12:30:00-05:00,6181,18.741701662083997,27.8,97.8,0.38
2020-09-15 13:30:00-05:00,6182,29.42518055042,28.3,97.8,0.4
2020-09-15 14:30:00-05:00,6183,36.989866429066,29.4,97.7,0.39
2020-09-15 15:30:00-05:00,6184,39.98258139214,28.9,97.6,0.4
2020-09-15 16:30:00-05:00,6185,8.711054203228,27.8,97.6,0.42
2020-09-15 17:30:00-05:00,6186,5.802299758427999,27.2,97.6,0.47
2020-09-15 18:30:00-05:00,6187,0.0,26.1,97.6,0.5
2020-09-15 19:30:00-05:00,6188,0.0,25.6,97.6,0.52
2020-09-15 20:30:00-05:00,6189,0.0,25.0,97.6,0.52
2020-09-15 21:30:00-05:00,6190,0.0,23.9,97.6,0.55
2020-09-15 22:30:00-05:00,6191,0.0,24.4,97.6,0.52
2020-09-15 23:30:00-05:00,6192,0.0,23.3,97.6,0.57
2020-09-16 00:30:00-05:00,6193,0.0,23.3,97.5,0.57
2020-09-16 01:30:00-05:00,6194,0.0,22.8,97.5,0.61
2020-09-16 02:30:00-05:00,6195,0.0,22.8,97.5,0.64
2020-09-16 03:30:00-05:00,6196,0.0,22.2,97.5,0.71
2020-09-16 04:30:00-05:00,6197,0.0,22.2,97.5,0.76
2020-09-16 05:30:00-05:00,6198,0.0,22.8,97.5,0.79
2020-09-16 06:30:00-05:00,6199,0.0,22.2,97.5,0.87
2020-09-16 07:30:00-05:00,6200,0.2742710948333,22.2,97.5,0.91
2020-09-16 08:30:00-05:00,6201,0.8561130235605999,22.8,97.5,0.9
2020-09-16 09:30:00-05:00,6202,1.1083894703318,22.8,97.5,0.9
2020-09-16 10:30:00-05:00,6203,1.5720402755642,23.9,97.4,0.9
2020-09-16 11:30:00-05:00,6204,2.3184651581444,26.1,97.5,0.82
2020-09-16 12:30:00-05:00,6205,4.2872584525279995,27.8,97.3,0.74
2020-09-16 13:30:00-05:00,6206,5.495373501813999,26.7,97.2,0.79
2020-09-16 14:30:00-05:00,6207,3.2351973884171996,25.0,97.2,0.84
2020-09-16 15:30:00-05:00,6208,0.0,23.9,97.1,0.94
2020-09-16 16:30:00-05:00,6209,0.0,25.6,97.2,0.87
2020-09-16 17:30:00-05:00,6210,0.0,25.6,97.2,0.87
2020-09-16 18:30:00-05:00,6211,0.0,24.4,97.2,0.91
2020-09-16 19:30:00-05:00,6212,0.0,24.4,97.2,0.91
2020-09-16 20:30:00-05:00,6213,0.0,25.0,97.2,0.88
2020-09-16 21:30:00-05:00,6214,0.0,25.0,97.2,0.88
2020-09-16 22:30:00-05:00,6215,0.0,24.4,97.3,0.91
2020-09-16 23:30:00-05:00,6216,0.0,23.9,97.3,0.9
2020-09-17 00:30:00-05:00,6217,0.0,22.8,97.3,0.94
2020-09-17 01:30:00-05:00,6218,0.0,22.2,97.3,0.91
2020-09-17 02:30:00-05:00,6219,0.0,22.2,97.3,0.91
2020-09-17 03:30:00-05:00,6220,0.0,22.2,97.3,0.91
2020-09-17 04:30:00-05:00,6221,0.0,22.2,97.4,0.93
2020-09-17 05:30:00-05:00,6222,0.0,22.2,97.4,0.93
2020-09-17 06:30:00-05:00,6223,0.0,22.8,97.5,0.9
2020-09-17 07:30:00-05:00,6224,0.0,23.3,97.5,0.91
2020-09-17 08:30:00-05:00,6225,0.0,25.0,97.6,0.84
2020-09-17 09:30:00-05:00,6226,0.0,24.4,97.6,0.82
2020-09-17 10:30:00-05:00,6227,0.0,25.6,97.7,0.76
2020-09-17 11:30:00-05:00,6228,0.0,27.2,97.6,0.67
2020-09-17 12:30:00-05:00,6229,0.0,27.2,97.6,0.67
2020-09-17 13:30:00-05:00,6230,0.0,27.2,97.6,0.65
2020-09-17 14:30:00-05:00,6231,0.0,28.3,97.5,0.61
2020-09-17 15:30:00-05:00,6232,0.0,26.7,97.5,0.64
2020-09-17 16:30:00-05:00,6233,0.0,25.0,97.6,0.69
2020-09-17 17:30:00-05:00,6234,0.0,24.4,97.6,0.69
2020-09-17 18:30:00-05:00,6235,0.0,22.2,97.7,0.68
2020-09-17 19:30:00-05:00,6236,0.0,21.1,97.8,0.68
2020-09-17 20:30:00-05:00,6237,0.0,20.0,97.8,0.73
2020-09-17 21:30:00-05:00,6238,0.0,18.9,97.8,0.78
2020-09-17 22:30:00-05:00,6239,0.0,17.8,97.8,0.84
2020-09-17 23:30:00-05:00,6240,0.0,17.2,97.8,0.84
2020-09-18 00:30:00-05:00,6241,0.0,16.1,97.9,0.9
2020-09-18 01:30:00-05:00,6242,0.0,15.6,97.8,0.9
2020-09-18 02:30:00-05:00,6243,0.0,15.0,97.8,0.93
2020-09-18 03:30:00-05:00,6244,0.0,15.0,97.8,0.9
2020-09-18 04:30:00-05:00,6245,0.0,14.4,97.8,0.93
2020-09-18 05:30:00-05:00,6246,0.0,14.4,97.9,0.93
2020-09-18 06:30:00-05:00,6247,0.0,15.0,98.0,0.9
2020-09-18 07:30:00-05:00,6248,0.0,16.1,98.1,0.87
2020-09-18 08:30:00-05:00,6249,0.0,18.9,98.1,0.75
2020-09-18 09:30:00-05:00,6250,1.3032946698405998,21.7,98.1,0.61
2020-09-18 10:30:00-05:00,6251,3.4299130559074,23.3,98.1,0.53
2020-09-18 11:30:00-05:00,6252,4.420241352148,24.4,98.1,0.5
2020-09-18 12:30:00-05:00,6253,11.282688394391998,25.6,98.0,0.5
2020-09-18 13:30:00-05:00,6254,19.172709269069998,25.0,97.9,0.52
2020-09-18 14:30:00-05:00,6255,19.699192929834,23.3,97.9,0.53
2020-09-18 15:30:00-05:00,6256,21.427339164339998,25.6,97.9,0.47
2020-09-18 16:30:00-05:00,6257,0.0,24.4,97.9,0.46
2020-09-18 17:30:00-05:00,6258,0.0,22.8,98.0,0.51
2020-09-18 18:30:00-05:00,6259,0.0,20.6,98.0,0.57
2020-09-18 19:30:00-05:00,6260,0.0,18.9,98.0,0.63
2020-09-18 20:30:00-05:00,6261,0.0,18.3,98.1,0.65
2020-09-18 21:30:00-05:00,6262,0.0,17.2,98.1,0.7
2020-09-18 22:30:00-05:00,6263,0.0,17.8,98.0,0.65
2020-09-18 23:30:00-05:00,6264,0.0,17.8,98.0,0.65
2020-09-19 00:30:00-05:00,6265,0.0,16.7,98.0,0.7
2020-09-19 01:30:00-05:00,6266,0.0,15.6,98.0,0.78
2020-09-19 02:30:00-05:00,6267,0.0,15.0,98.0,0.81
2020-09-19 03:30:00-05:00,6268,0.0,14.4,97.9,0.81
2020-09-19 04:30:00-05:00,6269,0.0,14.4,98.0,0.81
2020-09-19 05:30:00-05:00,6270,0.0,13.9,98.1,0.8
2020-09-19 06:30:00-05:00,6271,0.0,16.1,98.1,0.72
2020-09-19 07:30:00-05:00,6272,0.0,17.8,98.1,0.63
2020-09-19 08:30:00-05:00,6273,0.0,19.4,98.2,0.61
2020-09-19 09:30:00-05:00,6274,1.0566115869905999,21.1,98.1,0.49
2020-09-19 10:30:00-05:00,6275,3.0507334561778,23.3,98.1,0.46
2020-09-19 11:30:00-05:00,6276,3.882958891588,23.9,98.1,0.45
2020-09-19 12:30:00-05:00,6277,6.671053813094,25.0,98.0,0.43
2020-09-19 13:30:00-05:00,6278,14.686737404116,24.4,97.9,0.45
2020-09-19 14:30:00-05:00,6279,17.878347337992,25.0,97.8,0.43
2020-09-19 15:30:00-05:00,6280,20.947453392201997,25.6,97.8,0.42
2020-09-19 16:30:00-05:00,6281,0.0,25.0,97.8,0.45
2020-09-19 17:30:00-05:00,6282,0.0,23.9,97.8,0.46
2020-09-19 18:30:00-05:00,6283,0.0,21.7,97.8,0.55
2020-09-19 19:30:00-05:00,6284,0.0,20.6,97.8,0.61
2020-09-19 20:30:00-05:00,6285,0.0,20.0,97.9,0.63
2020-09-19 21:30:00-05:00,6286,0.0,18.3,97.9,0.7
2020-09-19 22:30:00-05:00,6287,0.0,18.3,97.9,0.7
2020-09-19 23:30:00-05:00,6288,0.0,17.8,97.9,0.73
2020-09-20 00:30:00-05:00,6289,0.0,16.1,97.9,0.81
2020-09-20 01:30:00-05:00,6290,0.0,16.1,97.9,0.81
2020-09-20 02:30:00-05:00,6291,0.0,16.1,97.9,0.78
2020-09-20 03:30:00-05:00,6292,0.0,16.1,97.9,0.78
2020-09-20 04:30:00-05:00,6293,0.0,15.6,98.0,0.8
2020-09-20 05:30:00-05:00,6294,0.0,15.6,98.0,0.8
2020-09-20 06:30:00-05:00,6295,0.0,16.1,98.1,0.72
2020-09-20 07:30:00-05:00,6296,0.0,18.3,98.1,0.7
2020-09-20 08:30:00-05:00,6297,0.012840255590542,20.0,98.1,0.65
2020-09-20 09:30:00-05:00,6298,1.8195962804302,22.8,98.1,0.51
2020-09-20 10:30:00-05:00,6299,3.7735410872588,24.4,98.1,0.46
2020-09-20 11:30:00-05:00,6300,4.340007761203999,23.9,98.1,0.48
2020-09-20 12:30:00-05:00,6301,7.7689517358939995,25.0,98.0,0.47
2020-09-20 13:30:00-05:00,6302,14.842330007716,25.0,97.9,0.45
2020-09-20 14:30:00-05:00,6303,18.410964716695997,25.6,97.9,0.43
2020-09-20 15:30:00-05:00,6304,20.743269914888,25.6,97.8,0.45
2020-09-20 16:30:00-05:00,6305,0.0,25.0,97.8,0.45
2020-09-20 17:30:00-05:00,6306,0.0,23.9,97.8,0.48
2020-09-20 18:30:00-05:00,6307,0.0,22.2,97.8,0.55
2020-09-20 19:30:00-05:00,6308,0.0,21.1,97.8,0.61
2020-09-20 20:30:00-05:00,6309,0.0,20.6,97.9,0.63
2020-09-20 21:30:00-05:00,6310,0.0,18.3,97.8,0.76
2020-09-20 22:30:00-05:00,6311,0.0,18.3,97.8,0.76
2020-09-20 23:30:00-05:00,6312,0.0,18.3,97.8,0.76
2020-09-21 00:30:00-05:00,6313,0.0,18.3,97.8,0.78
2020-09-21 01:30:00-05:00,6314,0.0,19.4,97.9,0.68
2020-09-21 02:30:00-05:00,6315,0.0,18.3,97.8,0.73
2020-09-21 03:30:00-05:00,6316,0.0,18.3,97.8,0.76
2020-09-21 04:30:00-05:00,6317,0.0,17.8,97.7,0.8
2020-09-21 05:30:00-05:00,6318,0.0,18.3,97.8,0.78
2020-09-21 06:30:00-05:00,6319,0.0,17.8,97.8,0.84
2020-09-21 07:30:00-05:00,6320,0.0,18.9,97.8,0.81
2020-09-21 08:30:00-05:00,6321,0.7082302452046,20.6,97.8,0.75
2020-09-21 09:30:00-05:00,6322,2.751065388306,22.8,97.7,0.66
2020-09-21 10:30:00-05:00,6323,4.396457771396,25.0,97.6,0.58
2020-09-21 11:30:00-05:00,6324,4.367462625126,25.0,97.5,0.6
2020-09-21 12:30:00-05:00,6325,6.15809593731,25.6,97.3,0.62
2020-09-21 13:30:00-05:00,6326,12.434233280108,24.4,97.2,0.67
2020-09-21 14:30:00-05:00,6327,9.440683553668,22.8,97.2,0.79
2020-09-21 15:30:00-05:00,6328,2.8593918369824,18.9,97.3,0.93
2020-09-21 16:30:00-05:00,6329,0.0,19.4,97.3,0.93
2020-09-21 17:30:00-05:00,6330,0.0,20.0,97.3,0.9
2020-09-21 18:30:00-05:00,6331,0.0,19.4,97.3,0.9
2020-09-21 19:30:00-05:00,6332,0.0,19.4,97.4,0.9
2020-09-21 20:30:00-05:00,6333,0.0,19.4,97.4,0.9
2020-09-21 21:30:00-05:00,6334,0.0,18.9,97.4,0.93
2020-09-21 22:30:00-05:00,6335,0.0,18.9,97.5,0.93
2020-09-21 23:30:00-05:00,6336,0.0,18.9,97.5,0.93
2020-09-22 00:30:00-05:00,6337,0.0,18.3,97.5,0.9
2020-09-22 01:30:00-05:00,6338,0.0,17.8,97.5,0.93
2020-09-22 02:30:00-05:00,6339,0.0,17.8,97.5,0.93
2020-09-22 03:30:00-05:00,6340,0.0,17.2,97.5,0.9
2020-09-22 04:30:00-05:00,6341,0.0,16.7,97.6,0.9
2020-09-22 05:30:00-05:00,6342,0.0,15.6,97.7,0.93
2020-09-22 06:30:00-05:00,6343,0.0,15.6,97.8,0.93
2020-09-22 07:30:00-05:00,6344,0.0,17.2,97.8,0.9
2020-09-22 08:30:00-05:00,6345,0.0,18.3,97.9,0.84
2020-09-22 09:30:00-05:00,6346,0.8783008764989999,20.6,97.9,0.75
2020-09-22 10:30:00-05:00,6347,3.366637171957,23.3,97.9,0.6
2020-09-22 11:30:00-05:00,6348,4.55616354831,25.0,97.9,0.45
2020-09-22 12:30:00-05:00,6349,9.770177672689998,26.1,97.8,0.39
2020-09-22 13:30:00-05:00,6350,20.694853133348,26.7,97.8,0.41
2020-09-22 14:30:00-05:00,6351,25.279735231475996,26.7,97.8,0.41
2020-09-22 15:30:00-05:00,6352,25.470845778511997,26.7,97.8,0.39
2020-09-22 16:30:00-05:00,6353,0.0,26.1,97.8,0.42
2020-09-22 17:30:00-05:00,6354,0.0,24.4,97.8,0.45
2020-09-22 18:30:00-05:00,6355,0.0,22.2,97.8,0.53
2020-09-22 19:30:00-05:00,6356,0.0,21.7,97.9,0.57
2020-09-22 20:30:00-05:00,6357,0.0,19.4,97.9,0.68
2020-09-22 21:30:00-05:00,6358,0.0,18.9,98.0,0.7
2020-09-22 22:30:00-05:00,6359,0.0,18.3,98.0,0.73
2020-09-22 23:30:00-05:00,6360,0.0,17.8,98.0,0.75
2020-09-23 00:30:00-05:00,6361,0.0,17.8,98.0,0.75
2020-09-23 01:30:00-05:00,6362,0.0,17.2,98.0,0.78
2020-09-23 02:30:00-05:00,6363,0.0,17.2,98.0,0.75
2020-09-23 03:30:00-05:00,6364,0.0,16.7,98.0,0.78
2020-09-23 04:30:00-05:00,6365,0.0,16.1,98.0,0.81
2020-09-23 05:30:00-05:00,6366,0.0,16.1,98.1,0.78
2020-09-23 06:30:00-05:00,6367,0.0,17.8,98.1,0.73
2020-09-23 07:30:00-05:00,6368,0.0,20.0,98.2,0.65
2020-09-23 08:30:00-05:00,6369,0.0,22.2,98.2,0.61
2020-09-23 09:30:00-05:00,6370,0.5351111701278,25.0,98.2,0.52
2020-09-23 10:30:00-05:00,6371,2.8266970327904,26.7,98.2,0.45
2020-09-23 11:30:00-05:00,6372,3.691074155295,27.8,98.2,0.41
2020-09-23 12:30:00-05:00,6373,5.854240786887999,28.9,98.2,0.38
2020-09-23 13:30:00-05:00,6374,16.37217875283,29.4,98.1,0.39
2020-09-23 14:30:00-05:00,6375,21.875309493704,28.9,98.1,0.41
2020-09-23 15:30:00-05:00,6376,0.0,28.9,98.0,0.38
2020-09-23 16:30:00-05:00,6377,5.720866207739999,27.8,98.1,0.42
2020-09-23 17:30:00-05:00,6378,0.0,26.1,98.1,0.52
2020-09-23 18:30:00-05:00,6379,0.0,24.4,98.1,0.58
2020-09-23 19:30:00-05:00,6380,0.0,22.8,98.1,0.66
2020-09-23 20:30:00-05:00,6381,0.0,22.2,98.2,0.68
2020-09-23 21:30:00-05:00,6382,0.0,21.7,98.2,0.7
2020-09-23 22:30:00-05:00,6383,0.0,20.0,98.1,0.78
2020-09-23 23:30:00-05:00,6384,0.0,19.4,98.1,0.81
2020-09-24 00:30:00-05:00,6385,0.0,18.3,98.1,0.84
2020-09-24 01:30:00-05:00,6386,0.0,18.3,98.1,0.81
2020-09-24 02:30:00-05:00,6387,0.0,18.3,98.0,0.81
2020-09-24 03:30:00-05:00,6388,0.0,17.8,98.0,0.84
2020-09-24 04:30:00-05:00,6389,0.0,16.1,98.1,0.9
2020-09-24 05:30:00-05:00,6390,0.0,16.1,98.1,0.87
2020-09-24 06:30:00-05:00,6391,0.0,17.2,98.1,0.81
2020-09-24 07:30:00-05:00,6392,0.0,21.1,98.2,0.71
2020-09-24 08:30:00-05:00,6393,0.0,23.3,98.2,0.64
2020-09-24 09:30:00-05:00,6394,0.0,26.1,98.2,0.48
2020-09-24 10:30:00-05:00,6395,0.0,27.8,98.2,0.46
2020-09-24 11:30:00-05:00,6396,0.0,28.3,98.2,0.46
2020-09-24 12:30:00-05:00,6397,0.0,28.9,98.1,0.44
2020-09-24 13:30:00-05:00,6398,0.0,28.3,98.0,0.46
2020-09-24 14:30:00-05:00,6399,0.0,28.9,98.0,0.48
2020-09-24 15:30:00-05:00,6400,6.47425717364,28.9,98.0,0.46
2020-09-24 16:30:00-05:00,6401,0.0,27.8,97.9,0.47
2020-09-24 17:30:00-05:00,6402,0.0,26.7,98.0,0.54
2020-09-24 18:30:00-05:00,6403,0.0,25.6,97.9,0.58
2020-09-24 19:30:00-05:00,6404,0.0,25.0,98.0,0.56
2020-09-24 20:30:00-05:00,6405,0.0,23.9,98.0,0.6
2020-09-24 21:30:00-05:00,6406,0.0,23.9,98.0,0.6
2020-09-24 22:30:00-05:00,6407,0.0,22.8,98.0,0.66
2020-09-24 23:30:00-05:00,6408,0.0,22.8,98.0,0.68
2020-09-25 00:30:00-05:00,6409,0.0,22.2,98.0,0.66
2020-09-25 01:30:00-05:00,6410,0.0,21.1,98.0,0.73
2020-09-25 02:30:00-05:00,6411,0.0,20.0,97.9,0.81
2020-09-25 03:30:00-05:00,6412,0.0,20.6,97.9,0.75
2020-09-25 04:30:00-05:00,6413,0.0,19.4,98.0,0.81
2020-09-25 05:30:00-05:00,6414,0.0,19.4,98.0,0.76
2020-09-25 06:30:00-05:00,6415,0.0,19.4,98.1,0.79
2020-09-25 07:30:00-05:00,6416,0.37117614754092,21.7,98.1,0.73
2020-09-25 08:30:00-05:00,6417,3.2217266496482,24.4,98.2,0.62
2020-09-25 09:30:00-05:00,6418,5.343156326342,26.7,98.2,0.51
2020-09-25 10:30:00-05:00,6419,11.804822654119999,28.3,98.2,0.44
2020-09-25 11:30:00-05:00,6420,27.338389768105998,28.9,98.1,0.41
2020-09-25 12:30:00-05:00,6421,33.735899981635995,27.8,98.0,0.42
2020-09-25 13:30:00-05:00,6422,39.2855683803,30.6,98.0,0.39
2020-09-25 14:30:00-05:00,6423,45.74707516694,29.4,97.9,0.4
2020-09-25 15:30:00-05:00,6424,46.964339816819994,29.4,97.9,0.42
2020-09-25 16:30:00-05:00,6425,11.827018922546,28.9,97.9,0.44
2020-09-25 17:30:00-05:00,6426,8.566965702908,27.2,98.0,0.51
2020-09-25 18:30:00-05:00,6427,0.0,25.6,98.0,0.58
2020-09-25 19:30:00-05:00,6428,0.0,25.0,98.0,0.6
2020-09-25 20:30:00-05:00,6429,0.0,25.0,98.1,0.6
2020-09-25 21:30:00-05:00,6430,0.0,23.3,98.1,0.69
2020-09-25 22:30:00-05:00,6431,0.0,21.7,98.1,0.76
2020-09-25 23:30:00-05:00,6432,0.0,23.9,98.1,0.62
2020-09-26 00:30:00-05:00,6433,0.0,21.1,98.1,0.76
2020-09-26 01:30:00-05:00,6434,0.0,21.7,98.1,0.73
2020-09-26 02:30:00-05:00,6435,0.0,20.6,98.1,0.78
2020-09-26 03:30:00-05:00,6436,0.0,20.6,98.1,0.75
2020-09-26 04:30:00-05:00,6437,0.0,20.0,98.1,0.78
2020-09-26 05:30:00-05:00,6438,0.0,20.0,98.2,0.81
2020-09-26 06:30:00-05:00,6439,0.0,20.0,98.3,0.84
2020-09-26 07:30:00-05:00,6440,0.9289119497799999,21.1,98.3,0.78
2020-09-26 08:30:00-05:00,6441,2.7056973678749996,22.2,98.4,0.79
2020-09-26 09:30:00-05:00,6442,3.6350371691929997,23.9,98.3,0.76
2020-09-26 10:30:00-05:00,6443,4.734896017601999,25.0,98.3,0.69
2020-09-26 11:30:00-05:00,6444,9.702346873778,27.8,98.3,0.56
2020-09-26 12:30:00-05:00,6445,24.873527382697997,27.2,98.2,0.54
2020-09-26 13:30:00-05:00,6446,31.502984446240003,27.8,98.3,0.51
2020-09-26 14:30:00-05:00,6447,38.00814723686,28.9,98.1,0.48
2020-09-26 15:30:00-05:00,6448,36.94563155941999,27.8,98.1,0.51
2020-09-26 16:30:00-05:00,6449,5.795331201008,27.8,98.1,0.53
2020-09-26 17:30:00-05:00,6450,0.0,27.2,98.0,0.54
2020-09-26 18:30:00-05:00,6451,0.0,25.6,98.1,0.62
2020-09-26 19:30:00-05:00,6452,0.0,25.6,98.1,0.62
2020-09-26 20:30:00-05:00,6453,0.0,25.6,98.2,0.6
2020-09-26 21:30:00-05:00,6454,0.0,25.6,98.3,0.6
2020-09-26 22:30:00-05:00,6455,0.0,24.4,98.3,0.67
2020-09-26 23:30:00-05:00,6456,0.0,23.9,98.3,0.71
2020-09-27 00:30:00-05:00,6457,0.0,23.9,98.2,0.71
2020-09-27 01:30:00-05:00,6458,0.0,23.3,98.2,0.76
2020-09-27 02:30:00-05:00,6459,0.0,23.3,98.2,0.76
2020-09-27 03:30:00-05:00,6460,0.0,22.8,98.3,0.79
2020-09-27 04:30:00-05:00,6461,0.0,22.8,98.3,0.79
2020-09-27 05:30:00-05:00,6462,0.0,22.8,98.3,0.76
2020-09-27 06:30:00-05:00,6463,1.8720189073279998,21.7,98.3,0.87
2020-09-27 07:30:00-05:00,6464,2.771157846449,21.7,98.3,0.9
2020-09-27 08:30:00-05:00,6465,3.4899247510488,22.2,98.4,0.87
2020-09-27 09:30:00-05:00,6466,3.9152311471039996,22.8,98.4,0.84
2020-09-27 10:30:00-05:00,6467,4.536657334198,23.3,98.4,0.85
2020-09-27 11:30:00-05:00,6468,4.6230315830599995,23.3,98.4,0.82
2020-09-27 12:30:00-05:00,6469,6.315924262094,23.3,98.3,0.85
2020-09-27 13:30:00-05:00,6470,11.15603303745,24.4,98.2,0.79
2020-09-27 14:30:00-05:00,6471,15.937005120192001,25.0,98.2,0.77
2020-09-27 15:30:00-05:00,6472,19.274894773468,25.6,98.1,0.76
2020-09-27 16:30:00-05:00,6473,0.0,24.4,98.2,0.85
2020-09-27 17:30:00-05:00,6474,0.0,23.3,98.2,0.91
2020-09-27 18:30:00-05:00,6475,0.0,22.8,98.1,0.87
2020-09-27 19:30:00-05:00,6476,0.0,22.8,98.2,0.87
2020-09-27 20:30:00-05:00,6477,0.0,22.8,98.2,0.9
2020-09-27 21:30:00-05:00,6478,0.0,22.2,98.2,0.91
2020-09-27 22:30:00-05:00,6479,0.0,22.2,98.2,0.91
2020-09-27 23:30:00-05:00,6480,0.0,22.2,98.1,0.91
2020-09-28 00:30:00-05:00,6481,0.0,22.2,98.1,0.91
2020-09-28 01:30:00-05:00,6482,0.0,22.2,98.0,0.91
2020-09-28 02:30:00-05:00,6483,0.0,22.2,97.9,0.91
2020-09-28 03:30:00-05:00,6484,0.0,21.7,97.9,0.9
2020-09-28 04:30:00-05:00,6485,0.0,21.1,97.9,0.87
2020-09-28 05:30:00-05:00,6486,0.0,21.1,97.9,0.84
2020-09-28 06:30:00-05:00,6487,0.0,21.1,97.9,0.84
2020-09-28 07:30:00-05:00,6488,1.4524713941576,21.7,97.8,0.84
2020-09-28 08:30:00-05:00,6489,3.3598404623892,22.8,97.9,0.84
2020-09-28 09:30:00-05:00,6490,4.097599955906,23.9,97.9,0.82
2020-09-28 10:30:00-05:00,6491,4.2887922508219996,22.8,97.9,0.9
2020-09-28 11:30:00-05:00,6492,3.3976258489417996,22.8,98.0,0.9
2020-09-28 12:30:00-05:00,6493,3.4419943354076,21.7,97.8,0.93
2020-09-28 13:30:00-05:00,6494,2.6689180641468,19.4,97.9,0.9
2020-09-28 14:30:00-05:00,6495,2.0714597454624,19.4,97.8,0.87
2020-09-28 15:30:00-05:00,6496,2.0310620188024,18.3,97.8,0.84
2020-09-28 16:30:00-05:00,6497,0.0,17.2,97.9,0.84
2020-09-28 17:30:00-05:00,6498,0.0,16.1,97.9,0.83
2020-09-28 18:30:00-05:00,6499,0.0,15.6,97.9,0.83
2020-09-28 19:30:00-05:00,6500,0.0,15.6,97.9,0.83
2020-09-28 20:30:00-05:00,6501,0.0,15.6,98.0,0.8
2020-09-28 21:30:00-05:00,6502,0.0,15.0,98.0,0.83
2020-09-28 22:30:00-05:00,6503,0.0,13.9,98.0,0.87
2020-09-28 23:30:00-05:00,6504,0.0,13.3,98.0,0.87
2020-09-29 00:30:00-05:00,6505,0.0,12.8,98.0,0.89
2020-09-29 01:30:00-05:00,6506,0.0,12.2,98.0,0.9
2020-09-29 02:30:00-05:00,6507,0.0,12.2,98.0,0.9
2020-09-29 03:30:00-05:00,6508,0.0,11.7,98.0,0.93
2020-09-29 04:30:00-05:00,6509,0.0,12.2,98.1,0.9
2020-09-29 05:30:00-05:00,6510,0.0,12.8,98.1,0.86
2020-09-29 06:30:00-05:00,6511,0.0,13.3,98.1,0.87
2020-09-29 07:30:00-05:00,6512,0.0,14.4,98.2,0.87
2020-09-29 08:30:00-05:00,6513,0.0,16.7,98.3,0.78
2020-09-29 09:30:00-05:00,6514,0.0,17.2,98.3,0.78
2020-09-29 10:30:00-05:00,6515,0.0,19.4,98.3,0.73
2020-09-29 11:30:00-05:00,6516,0.0,20.0,98.3,0.73
2020-09-29 12:30:00-05:00,6517,0.74723064321,19.4,98.3,0.79
2020-09-29 13:30:00-05:00,6518,1.6817906232134,20.0,98.2,0.78
2020-09-29 14:30:00-05:00,6519,2.5210819360956,21.7,98.2,0.68
2020-09-29 15:30:00-05:00,6520,2.5119002375665995,20.6,98.2,0.7
2020-09-29 16:30:00-05:00,6521,0.0,20.6,98.2,0.73
2020-09-29 17:30:00-05:00,6522,0.0,20.6,98.3,0.73
2020-09-29 18:30:00-05:00,6523,0.0,20.0,98.3,0.78
2020-09-29 19:30:00-05:00,6524,0.0,19.4,98.4,0.79
2020-09-29 20:30:00-05:00,6525,0.0,19.4,98.4,0.73
2020-09-29 21:30:00-05:00,6526,0.0,18.3,98.5,0.78
2020-09-29 22:30:00-05:00,6527,0.0,18.3,98.5,0.78
2020-09-29 23:30:00-05:00,6528,0.0,17.8,98.5,0.8
2020-09-30 00:30:00-05:00,6529,0.0,16.7,98.5,0.9
2020-09-30 01:30:00-05:00,6530,0.0,16.7,98.5,0.86
2020-09-30 02:30:00-05:00,6531,0.0,16.7,98.5,0.9
2020-09-30 03:30:00-05:00,6532,0.0,16.7,98.5,0.9
2020-09-30 04:30:00-05:00,6533,0.0,16.7,98.5,0.9
2020-09-30 05:30:00-05:00,6534,0.0,16.7,98.6,0.9
2020-09-30 06:30:00-05:00,6535,0.0,16.7,98.6,0.9
2020-09-30 07:30:00-05:00,6536,0.0,16.7,98.6,0.9
2020-09-30 08:30:00-05:00,6537,0.0,17.2,98.7,0.87
2020-09-30 09:30:00-05:00,6538,0.0,17.2,98.7,0.87
2020-09-30 10:30:00-05:00,6539,0.0,17.8,98.8,0.84
2020-09-30 11:30:00-05:00,6540,0.0,17.8,98.8,0.84
2020-09-30 12:30:00-05:00,6541,0.0,17.8,98.7,0.8
2020-09-30 13:30:00-05:00,6542,0.0,17.8,98.7,0.84
2020-09-30 14:30:00-05:00,6543,0.0,17.8,98.7,0.84
2020-09-30 15:30:00-05:00,6544,0.0,18.3,98.7,0.81
2020-09-30 16:30:00-05:00,6545,0.0,17.8,98.7,0.8
2020-09-30 17:30:00-05:00,6546,0.0,17.2,98.7,0.84
2020-09-30 18:30:00-05:00,6547,0.0,16.7,98.8,0.84
2020-09-30 19:30:00-05:00,6548,0.0,16.1,99.0,0.9
2020-09-30 20:30:00-05:00,6549,0.0,16.1,99.0,0.9
2020-09-30 21:30:00-05:00,6550,0.0,16.3,99.0,0.9
2020-09-30 22:30:00-05:00,6551,0.0,16.6,99.0,0.9
2020-09-30 23:30:00-05:00,6552,0.0,16.8,98.9,0.9
2020-10-01 00:30:00-05:00,6553,0.0,17.1,97.3,0.97
2020-10-01 01:30:00-05:00,6554,0.0,17.3,97.3,0.97
2020-10-01 02:30:00-05:00,6555,0.0,17.6,97.3,0.97
2020-10-01 03:30:00-05:00,6556,0.0,17.8,97.3,0.97
2020-10-01 04:30:00-05:00,6557,0.0,17.8,97.4,0.97
2020-10-01 05:30:00-05:00,6558,0.0,17.8,97.4,0.97
2020-10-01 06:30:00-05:00,6559,0.0,17.8,97.5,0.97
2020-10-01 07:30:00-05:00,6560,0.0,19.4,97.5,0.9
2020-10-01 08:30:00-05:00,6561,0.0,19.4,97.5,0.9
2020-10-01 09:30:00-05:00,6562,0.0,20.0,97.5,0.9
2020-10-01 10:30:00-05:00,6563,0.0,20.0,97.5,0.9
2020-10-01 11:30:00-05:00,6564,0.0,21.1,97.5,0.87
2020-10-01 12:30:00-05:00,6565,0.0,22.2,97.5,0.82
2020-10-01 13:30:00-05:00,6566,0.0,22.8,97.4,0.79
2020-10-01 14:30:00-05:00,6567,0.0,22.8,97.4,0.79
2020-10-01 15:30:00-05:00,6568,0.0,23.9,97.4,0.74
2020-10-01 16:30:00-05:00,6569,0.0,23.9,97.4,0.74
2020-10-01 17:30:00-05:00,6570,0.0,22.8,97.4,0.79
2020-10-01 18:30:00-05:00,6571,0.0,22.2,97.4,0.82
2020-10-01 19:30:00-05:00,6572,0.0,21.7,97.5,0.87
2020-10-01 20:30:00-05:00,6573,0.0,21.1,97.6,0.9
2020-10-01 21:30:00-05:00,6574,0.0,21.1,97.6,0.9
2020-10-01 22:30:00-05:00,6575,0.0,20.6,97.5,0.93
2020-10-01 23:30:00-05:00,6576,0.0,20.0,97.5,0.97
2020-10-02 00:30:00-05:00,6577,0.0,20.0,97.5,0.97
2020-10-02 01:30:00-05:00,6578,0.0,20.0,97.5,0.97
2020-10-02 02:30:00-05:00,6579,0.0,20.0,97.5,0.97
2020-10-02 03:30:00-05:00,6580,0.0,18.9,97.4,1.0
2020-10-02 04:30:00-05:00,6581,0.0,18.3,97.5,1.0
2020-10-02 05:30:00-05:00,6582,0.0,17.8,97.5,1.0
2020-10-02 06:30:00-05:00,6583,0.0,17.2,97.5,1.0
2020-10-02 07:30:00-05:00,6584,0.0,18.3,97.6,0.97
2020-10-02 08:30:00-05:00,6585,0.0,21.1,97.6,0.84
2020-10-02 09:30:00-05:00,6586,0.0,23.3,97.6,0.71
2020-10-02 10:30:00-05:00,6587,0.6402837056759999,23.9,97.6,0.69
2020-10-02 11:30:00-05:00,6588,2.513270099749,25.0,97.6,0.62
2020-10-02 12:30:00-05:00,6589,3.8449697324179994,25.0,97.5,0.64
2020-10-02 13:30:00-05:00,6590,4.859486701734,26.7,97.4,0.54
2020-10-02 14:30:00-05:00,6591,5.494913886646,26.7,97.4,0.56
2020-10-02 15:30:00-05:00,6592,6.926809514275999,26.7,97.4,0.58
2020-10-02 16:30:00-05:00,6593,0.0,25.6,97.4,0.6
2020-10-02 17:30:00-05:00,6594,0.0,24.4,97.4,0.64
2020-10-02 18:30:00-05:00,6595,0.0,23.3,97.4,0.71
2020-10-02 19:30:00-05:00,6596,0.0,21.7,97.4,0.81
2020-10-02 20:30:00-05:00,6597,0.0,20.6,97.5,0.87
2020-10-02 21:30:00-05:00,6598,0.0,17.8,97.6,0.75
2020-10-02 22:30:00-05:00,6599,0.0,17.2,97.6,0.75
2020-10-02 23:30:00-05:00,6600,0.0,16.1,97.6,0.81
2020-10-03 00:30:00-05:00,6601,0.0,15.0,97.6,0.87
2020-10-03 01:30:00-05:00,6602,0.0,13.9,97.5,0.93
2020-10-03 02:30:00-05:00,6603,0.0,12.8,97.5,1.0
2020-10-03 03:30:00-05:00,6604,0.0,12.2,97.5,1.0
2020-10-03 04:30:00-05:00,6605,0.0,11.7,97.5,1.0
2020-10-03 05:30:00-05:00,6606,0.0,11.1,97.5,1.0
2020-10-03 06:30:00-05:00,6607,0.0,11.1,97.6,1.0
2020-10-03 07:30:00-05:00,6608,0.0,12.2,97.6,1.0
2020-10-03 08:30:00-05:00,6609,0.0,16.7,97.6,0.78
2020-10-03 09:30:00-05:00,6610,0.0,19.4,97.6,0.59
2020-10-03 10:30:00-05:00,6611,0.0,21.7,97.5,0.57
2020-10-03 11:30:00-05:00,6612,0.0,21.1,97.5,0.42
2020-10-03 12:30:00-05:00,6613,0.40835237260679996,21.7,97.4,0.41
2020-10-03 13:30:00-05:00,6614,1.4082266143129998,21.7,97.3,0.39
2020-10-03 14:30:00-05:00,6615,1.971476766463,22.2,97.3,0.34
2020-10-03 15:30:00-05:00,6616,1.966560568086,21.7,97.3,0.37
2020-10-03 16:30:00-05:00,6617,0.0,21.1,97.4,0.38
2020-10-03 17:30:00-05:00,6618,0.0,18.9,97.4,0.43
2020-10-03 18:30:00-05:00,6619,0.0,16.7,97.4,0.54
2020-10-03 19:30:00-05:00,6620,0.0,13.9,97.5,0.67
2020-10-03 20:30:00-05:00,6621,0.0,12.8,97.5,0.77
2020-10-03 21:30:00-05:00,6622,0.0,12.8,97.5,0.75
2020-10-03 22:30:00-05:00,6623,0.0,11.7,97.6,0.8
2020-10-03 23:30:00-05:00,6624,0.0,11.1,97.6,0.83
2020-10-04 00:30:00-05:00,6625,0.0,10.0,97.5,0.89
2020-10-04 01:30:00-05:00,6626,0.0,10.0,97.6,0.89
2020-10-04 02:30:00-05:00,6627,0.0,8.9,97.6,0.96
2020-10-04 03:30:00-05:00,6628,0.0,8.3,97.6,0.96
2020-10-04 04:30:00-05:00,6629,0.0,7.8,97.6,0.96
2020-10-04 05:30:00-05:00,6630,0.0,7.2,97.6,1.0
2020-10-04 06:30:00-05:00,6631,0.0,7.2,97.7,1.0
2020-10-04 07:30:00-05:00,6632,0.0,8.3,97.8,0.89
2020-10-04 08:30:00-05:00,6633,0.0,10.0,97.8,0.77
2020-10-04 09:30:00-05:00,6634,0.0,13.9,97.9,0.57
2020-10-04 10:30:00-05:00,6635,0.0,15.0,97.8,0.54
2020-10-04 11:30:00-05:00,6636,0.0,16.7,97.8,0.45
2020-10-04 12:30:00-05:00,6637,0.0,18.9,97.7,0.42
2020-10-04 13:30:00-05:00,6638,0.0,19.4,97.6,0.44
2020-10-04 14:30:00-05:00,6639,0.23141129454389997,21.1,97.6,0.41
2020-10-04 15:30:00-05:00,6640,0.04698025278232,20.6,97.5,0.44
2020-10-04 16:30:00-05:00,6641,0.0,20.6,97.5,0.44
2020-10-04 17:30:00-05:00,6642,0.0,20.0,97.5,0.49
2020-10-04 18:30:00-05:00,6643,0.0,18.9,97.6,0.54
2020-10-04 19:30:00-05:00,6644,0.0,16.1,97.7,0.67
2020-10-04 20:30:00-05:00,6645,0.0,17.2,97.8,0.6
2020-10-04 21:30:00-05:00,6646,0.0,17.2,97.8,0.63
2020-10-04 22:30:00-05:00,6647,0.0,16.7,97.8,0.65
2020-10-04 23:30:00-05:00,6648,0.0,16.1,97.7,0.67
2020-10-05 00:30:00-05:00,6649,0.0,16.1,97.7,0.67
2020-10-05 01:30:00-05:00,6650,0.0,15.0,97.7,0.72
2020-10-05 02:30:00-05:00,6651,0.0,14.4,97.7,0.75
2020-10-05 03:30:00-05:00,6652,0.0,13.3,97.7,0.8
2020-10-05 04:30:00-05:00,6653,0.0,12.8,97.7,0.86
2020-10-05 05:30:00-05:00,6654,0.0,11.1,97.7,1.0
2020-10-05 06:30:00-05:00,6655,0.0,9.4,97.8,1.0
2020-10-05 07:30:00-05:00,6656,0.0,9.4,97.9,0.96
2020-10-05 08:30:00-05:00,6657,0.0,11.7,97.9,0.83
2020-10-05 09:30:00-05:00,6658,0.0,14.4,98.0,0.75
2020-10-05 10:30:00-05:00,6659,0.0,16.1,98.0,0.7
2020-10-05 11:30:00-05:00,6660,0.0,18.9,98.1,0.63
2020-10-05 12:30:00-05:00,6661,0.0,20.0,98.1,0.59
2020-10-05 13:30:00-05:00,6662,0.0,20.0,98.0,0.59
2020-10-05 14:30:00-05:00,6663,0.4402387409424,20.6,98.0,0.59
2020-10-05 15:30:00-05:00,6664,0.6658678143447999,20.0,98.1,0.57
2020-10-05 16:30:00-05:00,6665,0.0,18.3,98.1,0.61
2020-10-05 17:30:00-05:00,6666,0.0,16.7,98.2,0.67
2020-10-05 18:30:00-05:00,6667,0.0,15.0,98.3,0.72
2020-10-05 19:30:00-05:00,6668,0.0,13.3,98.4,0.78
2020-10-05 20:30:00-05:00,6669,0.0,12.8,98.4,0.77
2020-10-05 21:30:00-05:00,6670,0.0,12.2,98.5,0.77
2020-10-05 22:30:00-05:00,6671,0.0,11.1,98.5,0.83
2020-10-05 23:30:00-05:00,6672,0.0,10.6,98.5,0.86
2020-10-06 00:30:00-05:00,6673,0.0,10.0,98.5,0.89
2020-10-06 01:30:00-05:00,6674,0.0,9.4,98.5,0.96
2020-10-06 02:30:00-05:00,6675,0.0,7.8,98.5,1.0
2020-10-06 03:30:00-05:00,6676,0.0,7.8,98.6,1.0
2020-10-06 04:30:00-05:00,6677,0.0,7.2,98.6,1.0
2020-10-06 05:30:00-05:00,6678,0.0,7.2,98.7,1.0
2020-10-06 06:30:00-05:00,6679,0.0,7.2,98.7,1.0
2020-10-06 07:30:00-05:00,6680,0.0,10.0,98.8,0.93
2020-10-06 08:30:00-05:00,6681,0.0,13.3,98.8,0.72
2020-10-06 09:30:00-05:00,6682,0.0,14.4,98.8,0.65
2020-10-06 10:30:00-05:00,6683,0.0,16.1,98.8,0.58
2020-10-06 11:30:00-05:00,6684,0.0,17.8,98.8,0.48
2020-10-06 12:30:00-05:00,6685,0.0,18.3,98.7,0.45
2020-10-06 13:30:00-05:00,6686,0.0,19.4,98.7,0.44
2020-10-06 14:30:00-05:00,6687,0.059793242031499994,20.0,98.6,0.45
2020-10-06 15:30:00-05:00,6688,0.5152358462838,20.6,98.5,0.38
2020-10-06 16:30:00-05:00,6689,0.0,20.0,98.5,0.39
2020-10-06 17:30:00-05:00,6690,0.0,18.3,98.5,0.39
2020-10-06 18:30:00-05:00,6691,0.0,16.7,98.5,0.43
2020-10-06 19:30:00-05:00,6692,0.0,15.0,98.6,0.56
2020-10-06 20:30:00-05:00,6693,0.0,13.3,98.6,0.72
2020-10-06 21:30:00-05:00,6694,0.0,12.2,98.6,0.8
2020-10-06 22:30:00-05:00,6695,0.0,11.7,98.7,0.83
2020-10-06 23:30:00-05:00,6696,0.0,11.7,98.6,0.8
2020-10-07 00:30:00-05:00,6697,0.0,11.7,98.6,0.8
2020-10-07 01:30:00-05:00,6698,0.0,11.1,98.6,0.83
2020-10-07 02:30:00-05:00,6699,0.0,10.6,98.5,0.83
2020-10-07 03:30:00-05:00,6700,0.0,8.9,98.5,0.93
2020-10-07 04:30:00-05:00,6701,0.0,7.8,98.5,1.0
2020-10-07 05:30:00-05:00,6702,0.0,7.8,98.5,1.0
2020-10-07 06:30:00-05:00,6703,0.0,7.8,98.5,1.0
2020-10-07 07:30:00-05:00,6704,0.0,11.1,98.5,0.8
2020-10-07 08:30:00-05:00,6705,0.0,13.9,98.5,0.69
2020-10-07 09:30:00-05:00,6706,0.0,15.6,98.5,0.62
2020-10-07 10:30:00-05:00,6707,0.0,19.4,98.5,0.42
2020-10-07 11:30:00-05:00,6708,0.0,20.6,98.4,0.41
2020-10-07 12:30:00-05:00,6709,0.0,21.7,98.3,0.39
2020-10-07 13:30:00-05:00,6710,0.0,22.8,98.2,0.32
2020-10-07 14:30:00-05:00,6711,0.0,23.3,98.1,0.29
2020-10-07 15:30:00-05:00,6712,0.0,24.4,98.1,0.26
2020-10-07 16:30:00-05:00,6713,0.0,23.3,98.1,0.29
2020-10-07 17:30:00-05:00,6714,0.0,21.1,98.1,0.41
2020-10-07 18:30:00-05:00,6715,0.0,18.9,98.1,0.51
2020-10-07 19:30:00-05:00,6716,0.0,17.8,98.1,0.52
2020-10-07 20:30:00-05:00,6717,0.0,17.2,98.2,0.56
2020-10-07 21:30:00-05:00,6718,0.0,16.1,98.2,0.63
2020-10-07 22:30:00-05:00,6719,0.0,15.0,98.2,0.67
2020-10-07 23:30:00-05:00,6720,0.0,14.4,98.1,0.67
2020-10-08 00:30:00-05:00,6721,0.0,13.3,98.1,0.72
2020-10-08 01:30:00-05:00,6722,0.0,13.3,98.0,0.72
2020-10-08 02:30:00-05:00,6723,0.0,12.8,98.0,0.75
2020-10-08 03:30:00-05:00,6724,0.0,11.7,98.0,0.8
2020-10-08 04:30:00-05:00,6725,0.0,11.7,98.0,0.8
2020-10-08 05:30:00-05:00,6726,0.0,11.1,98.0,0.83
2020-10-08 06:30:00-05:00,6727,0.0,11.1,98.0,0.83
2020-10-08 07:30:00-05:00,6728,0.0,13.3,98.1,0.78
2020-10-08 08:30:00-05:00,6729,0.0,17.8,98.1,0.58
2020-10-08 09:30:00-05:00,6730,0.0,20.0,98.1,0.59
2020-10-08 10:30:00-05:00,6731,0.0,23.3,98.1,0.52
2020-10-08 11:30:00-05:00,6732,0.0,23.9,98.0,0.52
2020-10-08 12:30:00-05:00,6733,0.0,24.4,98.0,0.52
2020-10-08 13:30:00-05:00,6734,0.0,26.7,97.9,0.47
2020-10-08 14:30:00-05:00,6735,0.0,27.2,97.8,0.46
2020-10-08 15:30:00-05:00,6736,0.0,27.2,97.8,0.46
2020-10-08 16:30:00-05:00,6737,0.0,26.7,97.8,0.47
2020-10-08 17:30:00-05:00,6738,0.0,23.9,97.8,0.56
2020-10-08 18:30:00-05:00,6739,0.0,22.2,97.8,0.64
2020-10-08 19:30:00-05:00,6740,0.0,20.6,97.8,0.71
2020-10-08 20:30:00-05:00,6741,0.0,18.9,97.8,0.81
2020-10-08 21:30:00-05:00,6742,0.0,18.3,97.9,0.81
2020-10-08 22:30:00-05:00,6743,0.0,17.8,97.9,0.81
2020-10-08 23:30:00-05:00,6744,0.0,17.2,97.9,0.81
2020-10-09 00:30:00-05:00,6745,0.0,16.7,97.8,0.81
2020-10-09 01:30:00-05:00,6746,0.0,16.7,97.8,0.81
2020-10-09 02:30:00-05:00,6747,0.0,15.6,97.8,0.84
2020-10-09 03:30:00-05:00,6748,0.0,15.0,97.8,0.84
2020-10-09 04:30:00-05:00,6749,0.0,14.4,97.8,0.87
2020-10-09 05:30:00-05:00,6750,0.0,14.4,97.8,0.87
2020-10-09 06:30:00-05:00,6751,0.0,13.3,97.9,0.9
2020-10-09 07:30:00-05:00,6752,0.0,17.8,97.9,0.75
2020-10-09 08:30:00-05:00,6753,0.0,21.1,97.9,0.66
2020-10-09 09:30:00-05:00,6754,0.0,22.2,97.9,0.62
2020-10-09 10:30:00-05:00,6755,0.0,24.4,97.9,0.56
2020-10-09 11:30:00-05:00,6756,0.0,23.9,97.9,0.6
2020-10-09 12:30:00-05:00,6757,0.0,26.1,97.9,0.5
2020-10-09 13:30:00-05:00,6758,0.0,27.2,97.8,0.49
2020-10-09 14:30:00-05:00,6759,0.0,27.8,98.1,0.47
2020-10-09 15:30:00-05:00,6760,0.0,27.8,97.7,0.47
2020-10-09 16:30:00-05:00,6761,0.0,26.7,97.7,0.51
2020-10-09 17:30:00-05:00,6762,0.0,24.4,97.7,0.6
2020-10-09 18:30:00-05:00,6763,0.0,22.8,97.8,0.66
2020-10-09 19:30:00-05:00,6764,0.0,21.7,97.8,0.71
2020-10-09 20:30:00-05:00,6765,0.0,20.6,97.8,0.76
2020-10-09 21:30:00-05:00,6766,0.0,20.0,97.9,0.78
2020-10-09 22:30:00-05:00,6767,0.0,18.9,97.9,0.84
2020-10-09 23:30:00-05:00,6768,0.0,18.9,97.9,0.84
2020-10-10 00:30:00-05:00,6769,0.0,17.2,97.9,0.9
2020-10-10 01:30:00-05:00,6770,0.0,17.2,97.9,0.9
2020-10-10 02:30:00-05:00,6771,0.0,16.1,97.9,0.9
2020-10-10 03:30:00-05:00,6772,0.0,16.1,97.9,0.9
2020-10-10 04:30:00-05:00,6773,0.0,16.1,97.9,0.9
2020-10-10 05:30:00-05:00,6774,0.0,15.0,97.9,0.93
2020-10-10 06:30:00-05:00,6775,0.0,15.0,97.9,0.93
2020-10-10 07:30:00-05:00,6776,0.0,18.9,97.9,0.81
2020-10-10 08:30:00-05:00,6777,0.0,20.6,97.9,0.76
2020-10-10 09:30:00-05:00,6778,0.0,23.3,98.0,0.64
2020-10-10 10:30:00-05:00,6779,0.2161278544726,26.1,97.9,0.56
2020-10-10 11:30:00-05:00,6780,2.4144109738123998,27.8,97.9,0.55
2020-10-10 12:30:00-05:00,6781,4.888093540444,28.3,97.9,0.51
2020-10-10 13:30:00-05:00,6782,6.4532165083179995,29.4,97.8,0.48
2020-10-10 14:30:00-05:00,6783,8.007040606010001,28.9,97.7,0.48
2020-10-10 15:30:00-05:00,6784,14.250736012499999,30.0,97.7,0.43
2020-10-10 16:30:00-05:00,6785,0.0,28.9,97.7,0.46
2020-10-10 17:30:00-05:00,6786,0.0,26.1,97.7,0.6
2020-10-10 18:30:00-05:00,6787,0.0,23.3,97.7,0.71
2020-10-10 19:30:00-05:00,6788,0.0,22.2,97.7,0.76
2020-10-10 20:30:00-05:00,6789,0.0,21.1,97.8,0.81
2020-10-10 21:30:00-05:00,6790,0.0,21.1,97.8,0.79
2020-10-10 22:30:00-05:00,6791,0.0,20.6,97.8,0.84
2020-10-10 23:30:00-05:00,6792,0.0,20.0,97.8,0.84
2020-10-11 00:30:00-05:00,6793,0.0,19.4,97.8,0.84
2020-10-11 01:30:00-05:00,6794,0.0,17.8,97.7,0.87
2020-10-11 02:30:00-05:00,6795,0.0,17.8,97.7,0.87
2020-10-11 03:30:00-05:00,6796,0.0,16.7,97.7,0.87
2020-10-11 04:30:00-05:00,6797,0.0,18.9,97.6,0.81
2020-10-11 05:30:00-05:00,6798,0.0,17.8,97.7,0.87
2020-10-11 06:30:00-05:00,6799,0.0,17.2,97.7,0.87
2020-10-11 07:30:00-05:00,6800,0.0,18.3,97.7,0.84
2020-10-11 08:30:00-05:00,6801,0.0,20.6,97.7,0.76
2020-10-11 09:30:00-05:00,6802,0.0,22.8,97.7,0.69
2020-10-11 10:30:00-05:00,6803,0.8030305654532001,25.6,97.7,0.62
2020-10-11 11:30:00-05:00,6804,2.94280142241,26.1,97.7,0.62
2020-10-11 12:30:00-05:00,6805,4.851799258413999,27.2,97.6,0.58
2020-10-11 13:30:00-05:00,6806,5.989469794573999,27.8,97.5,0.56
2020-10-11 14:30:00-05:00,6807,6.470425557032,27.2,97.5,0.53
2020-10-11 15:30:00-05:00,6808,5.925395169691999,26.1,97.5,0.41
2020-10-11 16:30:00-05:00,6809,0.0,24.4,97.5,0.3
2020-10-11 17:30:00-05:00,6810,0.0,22.2,97.5,0.37
2020-10-11 18:30:00-05:00,6811,0.0,19.4,97.6,0.39
2020-10-11 19:30:00-05:00,6812,0.0,18.3,97.7,0.37
2020-10-11 20:30:00-05:00,6813,0.0,16.1,97.7,0.43
2020-10-11 21:30:00-05:00,6814,0.0,14.4,97.7,0.49
2020-10-11 22:30:00-05:00,6815,0.0,14.4,97.7,0.49
2020-10-11 23:30:00-05:00,6816,0.0,13.3,97.7,0.49
2020-10-12 00:30:00-05:00,6817,0.0,12.2,97.7,0.53
2020-10-12 01:30:00-05:00,6818,0.0,11.7,97.8,0.53
2020-10-12 02:30:00-05:00,6819,0.0,11.1,97.8,0.55
2020-10-12 03:30:00-05:00,6820,0.0,10.0,97.8,0.61
2020-10-12 04:30:00-05:00,6821,0.0,9.4,97.8,0.66
2020-10-12 05:30:00-05:00,6822,0.0,8.3,97.9,0.71
2020-10-12 06:30:00-05:00,6823,0.0,7.2,98.0,0.8
2020-10-12 07:30:00-05:00,6824,0.0,10.0,98.0,0.71
2020-10-12 08:30:00-05:00,6825,0.0,13.3,98.1,0.6
2020-10-12 09:30:00-05:00,6826,0.0,15.0,98.1,0.54
2020-10-12 10:30:00-05:00,6827,0.0,17.8,98.1,0.45
2020-10-12 11:30:00-05:00,6828,0.0,18.3,98.1,0.43
2020-10-12 12:30:00-05:00,6829,0.0,19.4,98.0,0.4
2020-10-12 13:30:00-05:00,6830,0.24936059760973997,20.6,97.9,0.35
2020-10-12 14:30:00-05:00,6831,1.1596799219274,20.6,97.9,0.34
2020-10-12 15:30:00-05:00,6832,1.3733135326811998,20.6,97.9,0.31
2020-10-12 16:30:00-05:00,6833,0.0,20.0,97.9,0.36
2020-10-12 17:30:00-05:00,6834,0.0,17.8,98.0,0.4
2020-10-12 18:30:00-05:00,6835,0.0,14.4,98.0,0.51
2020-10-12 19:30:00-05:00,6836,0.0,12.8,98.1,0.62
2020-10-12 20:30:00-05:00,6837,0.0,12.2,98.1,0.67
2020-10-12 21:30:00-05:00,6838,0.0,11.1,98.2,0.72
2020-10-12 22:30:00-05:00,6839,0.0,10.0,98.2,0.71
2020-10-12 23:30:00-05:00,6840,0.0,8.9,98.2,0.71
2020-10-13 00:30:00-05:00,6841,0.0,8.9,98.2,0.71
2020-10-13 01:30:00-05:00,6842,0.0,8.3,98.2,0.71
2020-10-13 02:30:00-05:00,6843,0.0,7.8,98.2,0.71
2020-10-13 03:30:00-05:00,6844,0.0,6.7,98.2,0.76
2020-10-13 04:30:00-05:00,6845,0.0,6.1,98.3,0.79
2020-10-13 05:30:00-05:00,6846,0.0,5.6,98.4,0.83
2020-10-13 06:30:00-05:00,6847,0.0,5.6,98.4,0.83
2020-10-13 07:30:00-05:00,6848,0.0,10.6,98.5,0.69
2020-10-13 08:30:00-05:00,6849,0.0,12.2,98.5,0.59
2020-10-13 09:30:00-05:00,6850,0.0,13.3,98.6,0.57
2020-10-13 10:30:00-05:00,6851,0.0,15.0,98.5,0.54
2020-10-13 11:30:00-05:00,6852,0.0,16.7,98.5,0.43
2020-10-13 12:30:00-05:00,6853,0.0,17.8,98.4,0.4
2020-10-13 13:30:00-05:00,6854,0.0,20.6,98.3,0.34
2020-10-13 14:30:00-05:00,6855,0.26938536424602,21.7,98.3,0.31
2020-10-13 15:30:00-05:00,6856,0.9994410569441999,22.2,98.3,0.33
2020-10-13 16:30:00-05:00,6857,0.0,21.1,98.3,0.34
2020-10-13 17:30:00-05:00,6858,0.0,18.9,98.3,0.42
2020-10-13 18:30:00-05:00,6859,0.0,16.1,98.4,0.54
2020-10-13 19:30:00-05:00,6860,0.0,13.9,98.4,0.62
2020-10-13 20:30:00-05:00,6861,0.0,13.3,98.4,0.64
2020-10-13 21:30:00-05:00,6862,0.0,12.2,98.4,0.64
2020-10-13 22:30:00-05:00,6863,0.0,12.8,98.4,0.59
2020-10-13 23:30:00-05:00,6864,0.0,11.7,98.4,0.59
2020-10-14 00:30:00-05:00,6865,0.0,10.6,98.4,0.71
2020-10-14 01:30:00-05:00,6866,0.0,10.6,98.4,0.74
2020-10-14 02:30:00-05:00,6867,0.0,10.0,98.4,0.77
2020-10-14 03:30:00-05:00,6868,0.0,7.8,98.4,0.8
2020-10-14 04:30:00-05:00,6869,0.0,8.3,98.4,0.77
2020-10-14 05:30:00-05:00,6870,0.0,8.3,98.5,0.83
2020-10-14 06:30:00-05:00,6871,0.0,8.3,98.6,0.86
2020-10-14 07:30:00-05:00,6872,0.0,11.7,98.7,0.77
2020-10-14 08:30:00-05:00,6873,0.0,13.9,98.7,0.67
2020-10-14 09:30:00-05:00,6874,0.0,16.7,98.7,0.54
2020-10-14 10:30:00-05:00,6875,0.0,19.4,98.7,0.47
2020-10-14 11:30:00-05:00,6876,0.0,20.0,98.6,0.47
2020-10-14 12:30:00-05:00,6877,0.0,21.1,98.5,0.41
2020-10-14 13:30:00-05:00,6878,0.0,22.2,98.4,0.38
2020-10-14 14:30:00-05:00,6879,0.0,22.2,98.4,0.38
2020-10-14 15:30:00-05:00,6880,0.0,22.2,98.3,0.4
2020-10-14 16:30:00-05:00,6881,0.0,22.2,98.3,0.38
2020-10-14 17:30:00-05:00,6882,0.0,20.6,98.3,0.42
2020-10-14 18:30:00-05:00,6883,0.0,19.4,98.4,0.47
2020-10-14 19:30:00-05:00,6884,0.0,17.8,98.4,0.56
2020-10-14 20:30:00-05:00,6885,0.0,16.1,98.4,0.6
2020-10-14 21:30:00-05:00,6886,0.0,15.0,98.4,0.65
2020-10-14 22:30:00-05:00,6887,0.0,15.0,98.4,0.62
2020-10-14 23:30:00-05:00,6888,0.0,13.3,98.4,0.69
2020-10-15 00:30:00-05:00,6889,0.0,12.8,98.4,0.72
2020-10-15 01:30:00-05:00,6890,0.0,12.2,98.5,0.75
2020-10-15 02:30:00-05:00,6891,0.0,12.2,98.5,0.69
2020-10-15 03:30:00-05:00,6892,0.0,12.2,98.5,0.69
2020-10-15 04:30:00-05:00,6893,0.0,10.6,98.5,0.77
2020-10-15 05:30:00-05:00,6894,0.0,11.1,98.5,0.74
2020-10-15 06:30:00-05:00,6895,0.0,10.0,98.5,0.83
2020-10-15 07:30:00-05:00,6896,0.0,12.2,98.6,0.77
2020-10-15 08:30:00-05:00,6897,0.0,14.4,98.7,0.75
2020-10-15 09:30:00-05:00,6898,0.0,17.2,98.7,0.73
2020-10-15 10:30:00-05:00,6899,0.0,20.6,98.7,0.73
2020-10-15 11:30:00-05:00,6900,0.0,21.7,98.6,0.71
2020-10-15 12:30:00-05:00,6901,0.0,22.2,98.5,0.64
2020-10-15 13:30:00-05:00,6902,0.0,23.9,98.4,0.54
2020-10-15 14:30:00-05:00,6903,0.0,23.3,98.4,0.54
2020-10-15 15:30:00-05:00,6904,0.0,24.4,98.4,0.5
2020-10-15 16:30:00-05:00,6905,0.0,23.9,98.4,0.52
2020-10-15 17:30:00-05:00,6906,0.0,22.2,98.4,0.57
2020-10-15 18:30:00-05:00,6907,0.0,20.6,98.4,0.66
2020-10-15 19:30:00-05:00,6908,0.0,20.0,98.5,0.68
2020-10-15 20:30:00-05:00,6909,0.0,19.4,98.5,0.73
2020-10-15 21:30:00-05:00,6910,0.0,17.2,98.5,0.81
2020-10-15 22:30:00-05:00,6911,0.0,16.1,98.5,0.87
2020-10-15 23:30:00-05:00,6912,0.0,15.6,98.5,0.9
2020-10-16 00:30:00-05:00,6913,0.0,15.0,98.6,0.9
2020-10-16 01:30:00-05:00,6914,0.0,14.4,98.6,0.93
2020-10-16 02:30:00-05:00,6915,0.0,13.9,98.5,0.96
2020-10-16 03:30:00-05:00,6916,0.0,13.9,98.5,0.8
2020-10-16 04:30:00-05:00,6917,0.0,13.3,98.5,1.0
2020-10-16 05:30:00-05:00,6918,0.0,12.8,98.5,1.0
2020-10-16 06:30:00-05:00,6919,0.0,12.8,98.6,1.0
2020-10-16 07:30:00-05:00,6920,0.0,14.4,98.7,1.0
2020-10-16 08:30:00-05:00,6921,0.0,16.7,98.7,0.93
2020-10-16 09:30:00-05:00,6922,0.0,19.4,98.7,0.84
2020-10-16 10:30:00-05:00,6923,0.0,22.2,98.7,0.73
2020-10-16 11:30:00-05:00,6924,0.0,24.4,98.7,0.62
2020-10-16 12:30:00-05:00,6925,1.358696334277,24.4,98.6,0.6
2020-10-16 13:30:00-05:00,6926,2.6484455595906,25.0,98.5,0.58
2020-10-16 14:30:00-05:00,6927,2.9278695540085997,25.0,98.4,0.58
2020-10-16 15:30:00-05:00,6928,2.7869881779128,25.0,98.4,0.58
2020-10-16 16:30:00-05:00,6929,0.0,24.4,98.4,0.6
2020-10-16 17:30:00-05:00,6930,0.0,23.3,98.4,0.64
2020-10-16 18:30:00-05:00,6931,0.0,22.2,98.4,0.68
2020-10-16 19:30:00-05:00,6932,0.0,21.1,98.4,0.73
2020-10-16 20:30:00-05:00,6933,0.0,21.1,98.5,0.73
2020-10-16 21:30:00-05:00,6934,0.0,20.0,98.5,0.78
2020-10-16 22:30:00-05:00,6935,0.0,20.0,98.5,0.76
2020-10-16 23:30:00-05:00,6936,0.0,18.9,98.4,0.81
2020-10-17 00:30:00-05:00,6937,0.0,19.4,98.4,0.84
2020-10-17 01:30:00-05:00,6938,0.0,18.3,98.4,0.9
2020-10-17 02:30:00-05:00,6939,0.0,17.2,98.4,0.97
2020-10-17 03:30:00-05:00,6940,0.0,17.2,98.3,0.97
2020-10-17 04:30:00-05:00,6941,0.0,16.7,98.3,1.0
2020-10-17 05:30:00-05:00,6942,0.0,16.1,98.3,1.0
2020-10-17 06:30:00-05:00,6943,0.0,16.7,98.4,1.0
2020-10-17 07:30:00-05:00,6944,0.0,17.2,98.4,1.0
2020-10-17 08:30:00-05:00,6945,0.0,18.9,98.4,0.97
2020-10-17 09:30:00-05:00,6946,0.0,21.1,98.4,0.87
2020-10-17 10:30:00-05:00,6947,0.0,23.3,98.3,0.79
2020-10-17 11:30:00-05:00,6948,0.725097387106,24.4,98.3,0.76
2020-10-17 12:30:00-05:00,6949,2.7020729543382,25.6,98.2,0.67
2020-10-17 13:30:00-05:00,6950,3.2297089525508,25.0,98.1,0.67
2020-10-17 14:30:00-05:00,6951,3.2959285690872,26.1,98.1,0.65
2020-10-17 15:30:00-05:00,6952,3.5148242894591997,26.1,98.0,0.62
2020-10-17 16:30:00-05:00,6953,0.0,25.6,98.0,0.64
2020-10-17 17:30:00-05:00,6954,0.0,24.4,98.1,0.71
2020-10-17 18:30:00-05:00,6955,0.0,23.9,98.1,0.74
2020-10-17 19:30:00-05:00,6956,0.0,23.3,98.1,0.79
2020-10-17 20:30:00-05:00,6957,0.0,23.3,98.1,0.79
2020-10-17 21:30:00-05:00,6958,0.0,22.8,98.1,0.82
2020-10-17 22:30:00-05:00,6959,0.0,22.2,98.1,0.82
2020-10-17 23:30:00-05:00,6960,0.0,21.1,98.1,0.87
2020-10-18 00:30:00-05:00,6961,0.0,21.1,98.1,0.9
2020-10-18 01:30:00-05:00,6962,0.0,20.6,98.0,0.97
2020-10-18 02:30:00-05:00,6963,0.0,20.6,97.9,0.97
2020-10-18 03:30:00-05:00,6964,0.0,20.0,97.9,1.0
2020-10-18 04:30:00-05:00,6965,0.0,20.0,97.9,1.0
2020-10-18 05:30:00-05:00,6966,0.0,20.0,97.9,1.0
2020-10-18 06:30:00-05:00,6967,0.0,19.4,97.9,1.0
2020-10-18 07:30:00-05:00,6968,0.0,20.0,97.9,1.0
2020-10-18 08:30:00-05:00,6969,0.0,21.1,97.9,0.93
2020-10-18 09:30:00-05:00,6970,0.0,21.7,98.0,0.93
2020-10-18 10:30:00-05:00,6971,0.0,23.9,98.0,0.85
2020-10-18 11:30:00-05:00,6972,0.30676712525964,23.9,97.9,0.87
2020-10-18 12:30:00-05:00,6973,2.0995771483638,23.9,97.9,0.87
2020-10-18 13:30:00-05:00,6974,3.0012951761329996,25.0,97.8,0.82
2020-10-18 14:30:00-05:00,6975,3.4991804318386,25.0,97.7,0.85
2020-10-18 15:30:00-05:00,6976,3.4338778427022,25.6,97.7,0.82
2020-10-18 16:30:00-05:00,6977,0.0,25.0,97.7,0.85
2020-10-18 17:30:00-05:00,6978,0.0,24.4,97.6,0.87
2020-10-18 18:30:00-05:00,6979,0.0,23.9,97.7,0.9
2020-10-18 19:30:00-05:00,6980,0.0,23.3,97.7,0.94
2020-10-18 20:30:00-05:00,6981,0.0,23.3,97.7,0.94
2020-10-18 21:30:00-05:00,6982,0.0,22.8,97.7,0.93
2020-10-18 22:30:00-05:00,6983,0.0,22.8,97.7,0.97
2020-10-18 23:30:00-05:00,6984,0.0,22.2,97.6,1.0
2020-10-19 00:30:00-05:00,6985,0.0,22.2,97.6,1.0
2020-10-19 01:30:00-05:00,6986,0.0,22.2,97.6,1.0
2020-10-19 02:30:00-05:00,6987,0.0,21.7,97.5,1.0
2020-10-19 03:30:00-05:00,6988,0.0,21.7,97.5,1.0
2020-10-19 04:30:00-05:00,6989,0.0,21.1,97.5,1.0
2020-10-19 05:30:00-05:00,6990,0.0,20.0,97.6,1.0
2020-10-19 06:30:00-05:00,6991,0.0,19.4,97.6,0.97
2020-10-19 07:30:00-05:00,6992,0.0,19.4,97.6,1.0
2020-10-19 08:30:00-05:00,6993,0.0,20.0,97.7,1.0
2020-10-19 09:30:00-05:00,6994,0.0,20.6,97.7,0.97
2020-10-19 10:30:00-05:00,6995,0.0,22.2,97.7,0.84
2020-10-19 11:30:00-05:00,6996,0.0,22.2,97.7,0.79
2020-10-19 12:30:00-05:00,6997,0.7287796302967999,22.2,97.6,0.76
2020-10-19 13:30:00-05:00,6998,1.972249669097,23.9,97.6,0.69
2020-10-19 14:30:00-05:00,6999,3.7133822456978,23.9,97.5,0.6
2020-10-19 15:30:00-05:00,7000,3.1905838011648,24.4,97.5,0.58
2020-10-19 16:30:00-05:00,7001,0.0,23.9,97.5,0.6
2020-10-19 17:30:00-05:00,7002,0.0,21.1,97.5,0.68
2020-10-19 18:30:00-05:00,7003,0.0,19.4,97.5,0.78
2020-10-19 19:30:00-05:00,7004,0.0,18.3,97.6,0.81
2020-10-19 20:30:00-05:00,7005,0.0,17.2,97.6,0.87
2020-10-19 21:30:00-05:00,7006,0.0,16.7,97.6,0.9
2020-10-19 22:30:00-05:00,7007,0.0,16.7,97.7,0.9
2020-10-19 23:30:00-05:00,7008,0.0,15.0,97.7,0.81
2020-10-20 00:30:00-05:00,7009,0.0,13.9,97.7,0.8
2020-10-20 01:30:00-05:00,7010,0.0,12.8,97.8,0.83
2020-10-20 02:30:00-05:00,7011,0.0,12.2,97.8,0.83
2020-10-20 03:30:00-05:00,7012,0.0,11.1,97.8,0.9
2020-10-20 04:30:00-05:00,7013,0.0,10.0,97.9,0.93
2020-10-20 05:30:00-05:00,7014,0.0,9.4,97.9,0.86
2020-10-20 06:30:00-05:00,7015,0.0,8.3,97.9,0.86
2020-10-20 07:30:00-05:00,7016,0.0,8.3,97.9,0.86
2020-10-20 08:30:00-05:00,7017,0.0,11.1,98.0,0.72
2020-10-20 09:30:00-05:00,7018,0.0,13.3,98.0,0.55
2020-10-20 10:30:00-05:00,7019,0.0,15.6,98.0,0.5
2020-10-20 11:30:00-05:00,7020,0.0,17.2,98.0,0.43
2020-10-20 12:30:00-05:00,7021,0.0,18.3,98.0,0.42
2020-10-20 13:30:00-05:00,7022,0.0,17.8,97.9,0.45
2020-10-20 14:30:00-05:00,7023,0.0,19.4,97.9,0.39
2020-10-20 15:30:00-05:00,7024,0.0,18.3,97.9,0.42
2020-10-20 16:30:00-05:00,7025,0.0,17.8,97.9,0.43
2020-10-20 17:30:00-05:00,7026,0.0,15.6,98.0,0.5
2020-10-20 18:30:00-05:00,7027,0.0,13.3,98.0,0.6
2020-10-20 19:30:00-05:00,7028,0.0,11.7,98.0,0.69
2020-10-20 20:30:00-05:00,7029,0.0,11.1,98.1,0.74
2020-10-20 21:30:00-05:00,7030,0.0,10.6,98.1,0.8
2020-10-20 22:30:00-05:00,7031,0.0,10.6,98.1,0.8
2020-10-20 23:30:00-05:00,7032,0.0,10.6,98.1,0.8
2020-10-21 00:30:00-05:00,7033,0.0,10.0,98.1,0.8
2020-10-21 01:30:00-05:00,7034,0.0,10.6,98.1,0.74
2020-10-21 02:30:00-05:00,7035,0.0,8.9,98.1,0.83
2020-10-21 03:30:00-05:00,7036,0.0,8.3,98.1,0.86
2020-10-21 04:30:00-05:00,7037,0.0,8.3,98.1,0.86
2020-10-21 05:30:00-05:00,7038,0.0,7.8,98.2,0.86
2020-10-21 06:30:00-05:00,7039,0.0,8.9,98.2,0.8
2020-10-21 07:30:00-05:00,7040,0.0,11.1,98.2,0.69
2020-10-21 08:30:00-05:00,7041,0.0,13.9,98.3,0.62
2020-10-21 09:30:00-05:00,7042,0.0,16.1,98.3,0.58
2020-10-21 10:30:00-05:00,7043,0.0,18.9,98.3,0.51
2020-10-21 11:30:00-05:00,7044,0.0,20.0,98.3,0.45
2020-10-21 12:30:00-05:00,7045,0.0,20.0,98.2,0.44
2020-10-21 13:30:00-05:00,7046,0.0,21.1,98.1,0.41
2020-10-21 14:30:00-05:00,7047,0.0,22.2,98.0,0.37
2020-10-21 15:30:00-05:00,7048,0.0,22.2,98.0,0.37
2020-10-21 16:30:00-05:00,7049,0.0,21.1,98.0,0.41
2020-10-21 17:30:00-05:00,7050,0.0,19.4,98.0,0.44
2020-10-21 18:30:00-05:00,7051,0.0,19.4,98.1,0.45
2020-10-21 19:30:00-05:00,7052,0.0,15.0,98.1,0.7
2020-10-21 20:30:00-05:00,7053,0.0,16.1,98.1,0.63
2020-10-21 21:30:00-05:00,7054,0.0,14.4,98.1,0.7
2020-10-21 22:30:00-05:00,7055,0.0,13.3,98.1,0.75
2020-10-21 23:30:00-05:00,7056,0.0,13.9,98.1,0.72
2020-10-22 00:30:00-05:00,7057,0.0,13.9,98.1,0.75
2020-10-22 01:30:00-05:00,7058,0.0,12.8,98.1,0.83
2020-10-22 02:30:00-05:00,7059,0.0,13.9,98.1,0.78
2020-10-22 03:30:00-05:00,7060,0.0,12.2,98.1,0.86
2020-10-22 04:30:00-05:00,7061,0.0,12.2,98.2,0.86
2020-10-22 05:30:00-05:00,7062,0.0,12.8,98.2,0.83
2020-10-22 06:30:00-05:00,7063,0.0,12.8,98.2,0.86
2020-10-22 07:30:00-05:00,7064,0.0,13.3,98.2,0.83
2020-10-22 08:30:00-05:00,7065,0.0,15.0,98.3,0.81
2020-10-22 09:30:00-05:00,7066,0.0,16.7,98.4,0.67
2020-10-22 10:30:00-05:00,7067,0.0,20.6,98.4,0.55
2020-10-22 11:30:00-05:00,7068,0.0,22.2,98.3,0.48
2020-10-22 12:30:00-05:00,7069,0.0,23.3,98.3,0.43
2020-10-22 13:30:00-05:00,7070,0.0,23.3,98.2,0.41
2020-10-22 14:30:00-05:00,7071,0.0,23.3,98.2,0.41
2020-10-22 15:30:00-05:00,7072,0.0,23.3,98.2,0.4
2020-10-22 16:30:00-05:00,7073,0.0,22.2,98.2,0.43
2020-10-22 17:30:00-05:00,7074,0.0,20.6,98.3,0.49
2020-10-22 18:30:00-05:00,7075,0.0,18.9,98.3,0.57
2020-10-22 19:30:00-05:00,7076,0.0,17.2,98.4,0.63
2020-10-22 20:30:00-05:00,7077,0.0,16.7,98.5,0.67
2020-10-22 21:30:00-05:00,7078,0.0,16.1,98.5,0.67
2020-10-22 22:30:00-05:00,7079,0.0,14.4,98.5,0.78
2020-10-22 23:30:00-05:00,7080,0.0,13.9,98.5,0.78
2020-10-23 00:30:00-05:00,7081,0.0,13.3,98.5,0.8
2020-10-23 01:30:00-05:00,7082,0.0,13.3,98.5,0.83
2020-10-23 02:30:00-05:00,7083,0.0,13.3,98.5,0.87
2020-10-23 03:30:00-05:00,7084,0.0,13.3,98.5,0.9
2020-10-23 04:30:00-05:00,7085,0.0,13.3,98.5,0.93
2020-10-23 05:30:00-05:00,7086,0.0,13.3,98.5,0.93
2020-10-23 06:30:00-05:00,7087,0.0,13.3,98.6,0.93
2020-10-23 07:30:00-05:00,7088,0.0,13.3,98.7,0.93
2020-10-23 08:30:00-05:00,7089,0.0,14.4,98.7,0.84
2020-10-23 09:30:00-05:00,7090,0.0,16.7,98.7,0.73
2020-10-23 10:30:00-05:00,7091,0.0,16.7,98.7,0.73
2020-10-23 11:30:00-05:00,7092,0.0,17.8,98.6,0.65
2020-10-23 12:30:00-05:00,7093,0.0,16.1,98.6,0.72
2020-10-23 13:30:00-05:00,7094,0.0,17.8,98.6,0.63
2020-10-23 14:30:00-05:00,7095,0.0,17.8,98.6,0.56
2020-10-23 15:30:00-05:00,7096,0.0,16.7,98.6,0.6
2020-10-23 16:30:00-05:00,7097,0.0,15.6,98.6,0.7
2020-10-23 17:30:00-05:00,7098,0.0,13.9,98.6,0.8
2020-10-23 18:30:00-05:00,7099,0.0,13.9,98.6,0.8
2020-10-23 19:30:00-05:00,7100,0.0,13.3,98.6,0.87
2020-10-23 20:30:00-05:00,7101,0.0,13.3,98.7,0.93
2020-10-23 21:30:00-05:00,7102,0.0,13.3,98.7,0.93
2020-10-23 22:30:00-05:00,7103,0.0,12.8,98.7,0.96
2020-10-23 23:30:00-05:00,7104,0.0,12.2,98.7,1.0
2020-10-24 00:30:00-05:00,7105,0.0,12.2,98.7,0.96
2020-10-24 01:30:00-05:00,7106,0.0,11.7,98.6,1.0
2020-10-24 02:30:00-05:00,7107,0.0,11.1,98.6,1.0
2020-10-24 03:30:00-05:00,7108,0.0,11.1,98.6,0.96
2020-10-24 04:30:00-05:00,7109,0.0,11.1,98.6,0.93
2020-10-24 05:30:00-05:00,7110,0.0,10.6,98.6,0.93
2020-10-24 06:30:00-05:00,7111,0.0,10.6,98.6,0.9
2020-10-24 07:30:00-05:00,7112,0.0,10.6,98.6,0.9
2020-10-24 08:30:00-05:00,7113,0.0,11.1,98.6,0.86
2020-10-24 09:30:00-05:00,7114,0.0,12.2,98.6,0.8
2020-10-24 10:30:00-05:00,7115,0.0,13.3,98.6,0.75
2020-10-24 11:30:00-05:00,7116,0.0,13.3,98.5,0.75
2020-10-24 12:30:00-05:00,7117,0.0,12.8,98.4,0.77
2020-10-24 13:30:00-05:00,7118,0.0,12.2,98.3,0.83
2020-10-24 14:30:00-05:00,7119,0.0,12.2,98.3,0.86
2020-10-24 15:30:00-05:00,7120,0.0,11.7,98.2,0.9
2020-10-24 16:30:00-05:00,7121,0.0,11.1,98.1,0.96
2020-10-24 17:30:00-05:00,7122,0.0,10.6,98.1,1.0
2020-10-24 18:30:00-05:00,7123,0.0,10.0,98.1,1.0
2020-10-24 19:30:00-05:00,7124,0.0,10.0,98.1,1.0
2020-10-24 20:30:00-05:00,7125,0.0,10.0,98.1,1.0
2020-10-24 21:30:00-05:00,7126,0.0,10.0,98.1,1.0
2020-10-24 22:30:00-05:00,7127,0.0,10.0,97.9,1.0
2020-10-24 23:30:00-05:00,7128,0.0,10.0,97.8,1.0
2020-10-25 00:30:00-05:00,7129,0.0,10.0,97.8,1.0
2020-10-25 01:30:00-05:00,7130,0.0,10.0,97.7,1.0
2020-10-25 02:30:00-05:00,7131,0.0,10.0,97.5,1.0
2020-10-25 03:30:00-05:00,7132,0.0,10.0,97.6,1.0
2020-10-25 04:30:00-05:00,7133,0.0,10.0,97.6,1.0
2020-10-25 05:30:00-05:00,7134,0.0,9.4,97.6,1.0
2020-10-25 06:30:00-05:00,7135,0.0,8.3,97.7,1.0
2020-10-25 07:30:00-05:00,7136,0.0,7.2,97.8,0.96
2020-10-25 08:30:00-05:00,7137,0.0,7.8,97.9,0.93
2020-10-25 09:30:00-05:00,7138,0.0,8.3,98.0,0.8
2020-10-25 10:30:00-05:00,7139,0.0,8.9,98.0,0.68
2020-10-25 11:30:00-05:00,7140,0.0,10.6,98.0,0.61
2020-10-25 12:30:00-05:00,7141,0.0,11.7,97.9,0.53
2020-10-25 13:30:00-05:00,7142,0.0,12.2,97.9,0.47
2020-10-25 14:30:00-05:00,7143,0.0,12.8,97.9,0.45
2020-10-25 15:30:00-05:00,7144,0.0,12.2,97.9,0.49
2020-10-25 16:30:00-05:00,7145,0.0,11.1,97.9,0.49
2020-10-25 17:30:00-05:00,7146,0.0,9.4,98.0,0.56
2020-10-25 18:30:00-05:00,7147,0.0,7.8,98.0,0.63
2020-10-25 19:30:00-05:00,7148,0.0,7.2,98.1,0.68
2020-10-25 20:30:00-05:00,7149,0.0,6.1,98.1,0.73
2020-10-25 21:30:00-05:00,7150,0.0,5.6,98.2,0.79
2020-10-25 22:30:00-05:00,7151,0.0,5.0,98.2,0.82
2020-10-25 23:30:00-05:00,7152,0.0,4.4,98.2,0.86
2020-10-26 00:30:00-05:00,7153,0.0,3.9,98.2,0.89
2020-10-26 01:30:00-05:00,7154,0.0,3.9,98.2,0.86
2020-10-26 02:30:00-05:00,7155,0.0,3.9,98.2,0.86
2020-10-26 03:30:00-05:00,7156,0.0,2.8,98.2,0.92
2020-10-26 04:30:00-05:00,7157,0.0,2.2,98.3,0.96
2020-10-26 05:30:00-05:00,7158,0.0,2.2,98.3,0.96
2020-10-26 06:30:00-05:00,7159,0.0,2.2,98.4,0.96
2020-10-26 07:30:00-05:00,7160,0.0,4.4,98.5,0.86
2020-10-26 08:30:00-05:00,7161,0.0,8.3,98.6,0.68
2020-10-26 09:30:00-05:00,7162,0.0,12.2,98.7,0.59
2020-10-26 10:30:00-05:00,7163,0.0,13.9,98.7,0.53
2020-10-26 11:30:00-05:00,7164,0.0,16.1,98.6,0.44
2020-10-26 12:30:00-05:00,7165,0.0,16.7,98.5,0.43
2020-10-26 13:30:00-05:00,7166,0.0,18.3,98.4,0.37
2020-10-26 14:30:00-05:00,7167,0.0,18.9,98.4,0.34
2020-10-26 15:30:00-05:00,7168,0.0,17.8,98.3,0.38
2020-10-26 16:30:00-05:00,7169,0.0,17.8,98.3,0.38
2020-10-26 17:30:00-05:00,7170,0.0,14.4,98.4,0.53
2020-10-26 18:30:00-05:00,7171,0.0,13.3,98.4,0.6
2020-10-26 19:30:00-05:00,7172,0.0,12.2,98.4,0.64
2020-10-26 20:30:00-05:00,7173,0.0,11.1,98.4,0.72
2020-10-26 21:30:00-05:00,7174,0.0,9.4,98.4,0.8
2020-10-26 22:30:00-05:00,7175,0.0,10.6,98.4,0.77
2020-10-26 23:30:00-05:00,7176,0.0,10.6,98.4,0.83
2020-10-27 00:30:00-05:00,7177,0.0,11.7,98.3,0.69
2020-10-27 01:30:00-05:00,7178,0.0,11.1,98.4,0.74
2020-10-27 02:30:00-05:00,7179,0.0,11.1,98.3,0.74
2020-10-27 03:30:00-05:00,7180,0.0,10.0,98.3,0.83
2020-10-27 04:30:00-05:00,7181,0.0,9.4,98.3,0.89
2020-10-27 05:30:00-05:00,7182,0.0,10.0,98.4,0.83
2020-10-27 06:30:00-05:00,7183,0.0,9.4,98.4,0.86
2020-10-27 07:30:00-05:00,7184,0.0,10.0,98.5,0.83
2020-10-27 08:30:00-05:00,7185,0.0,12.8,98.4,0.67
2020-10-27 09:30:00-05:00,7186,0.0,14.4,98.5,0.58
2020-10-27 10:30:00-05:00,7187,0.0,15.6,98.4,0.58
2020-10-27 11:30:00-05:00,7188,0.0,16.7,98.3,0.56
2020-10-27 12:30:00-05:00,7189,0.0,19.4,98.2,0.45
2020-10-27 13:30:00-05:00,7190,0.0,20.0,98.1,0.42
2020-10-27 14:30:00-05:00,7191,0.0,20.6,98.0,0.38
2020-10-27 15:30:00-05:00,7192,0.0,20.6,98.0,0.39
2020-10-27 16:30:00-05:00,7193,0.0,19.4,98.0,0.37
2020-10-27 17:30:00-05:00,7194,0.0,18.3,98.1,0.42
2020-10-27 18:30:00-05:00,7195,0.0,17.2,98.0,0.48
2020-10-27 19:30:00-05:00,7196,0.0,17.2,98.0,0.5
2020-10-27 20:30:00-05:00,7197,0.0,16.7,97.9,0.54
2020-10-27 21:30:00-05:00,7198,0.0,16.7,97.9,0.58
2020-10-27 22:30:00-05:00,7199,0.0,16.1,97.9,0.65
2020-10-27 23:30:00-05:00,7200,0.0,12.2,98.0,1.0
2020-10-28 00:30:00-05:00,7201,0.0,11.1,97.9,1.0
2020-10-28 01:30:00-05:00,7202,0.0,10.6,98.0,1.0
2020-10-28 02:30:00-05:00,7203,0.0,11.1,97.9,1.0
2020-10-28 03:30:00-05:00,7204,0.0,11.1,97.3,1.0
2020-10-28 04:30:00-05:00,7205,0.0,12.2,97.7,1.0
2020-10-28 05:30:00-05:00,7206,0.0,12.2,97.7,1.0
2020-10-28 06:30:00-05:00,7207,0.0,12.2,97.7,1.0
2020-10-28 07:30:00-05:00,7208,0.0,12.2,97.8,1.0
2020-10-28 08:30:00-05:00,7209,0.0,13.3,97.9,1.0
2020-10-28 09:30:00-05:00,7210,0.0,13.9,97.9,1.0
2020-10-28 10:30:00-05:00,7211,0.0,14.4,97.8,1.0
2020-10-28 11:30:00-05:00,7212,0.0,15.0,97.8,1.0
2020-10-28 12:30:00-05:00,7213,0.0,15.6,97.8,1.0
2020-10-28 13:30:00-05:00,7214,0.0,16.7,97.7,0.97
2020-10-28 14:30:00-05:00,7215,0.0,17.2,97.8,1.0
2020-10-28 15:30:00-05:00,7216,0.0,17.2,97.8,1.0
2020-10-28 16:30:00-05:00,7217,0.0,17.2,97.8,1.0
2020-10-28 17:30:00-05:00,7218,0.0,16.7,97.9,1.0
2020-10-28 18:30:00-05:00,7219,0.0,17.2,97.9,1.0
2020-10-28 19:30:00-05:00,7220,0.0,16.7,97.9,1.0
2020-10-28 20:30:00-05:00,7221,0.0,16.1,98.0,1.0
2020-10-28 21:30:00-05:00,7222,0.0,16.1,98.0,1.0
2020-10-28 22:30:00-05:00,7223,0.0,15.6,97.9,1.0
2020-10-28 23:30:00-05:00,7224,0.0,15.6,97.9,1.0
2020-10-29 00:30:00-05:00,7225,0.0,15.0,98.0,1.0
2020-10-29 01:30:00-05:00,7226,0.0,15.0,98.0,1.0
2020-10-29 02:30:00-05:00,7227,0.0,15.0,98.1,1.0
2020-10-29 03:30:00-05:00,7228,0.0,14.4,98.1,1.0
2020-10-29 04:30:00-05:00,7229,0.0,13.9,98.1,1.0
2020-10-29 05:30:00-05:00,7230,0.0,13.3,98.2,1.0
2020-10-29 06:30:00-05:00,7231,0.0,12.8,98.2,1.0
2020-10-29 07:30:00-05:00,7232,0.0,12.2,98.2,1.0
2020-10-29 08:30:00-05:00,7233,0.0,12.2,98.3,0.96
2020-10-29 09:30:00-05:00,7234,0.0,12.8,98.3,0.93
2020-10-29 10:30:00-05:00,7235,0.0,13.9,98.3,0.87
2020-10-29 11:30:00-05:00,7236,0.0,13.9,98.3,0.83
2020-10-29 12:30:00-05:00,7237,0.0,15.0,98.2,0.78
2020-10-29 13:30:00-05:00,7238,0.0,13.9,98.1,0.8
2020-10-29 14:30:00-05:00,7239,0.0,13.3,98.1,0.83
2020-10-29 15:30:00-05:00,7240,0.0,12.2,98.2,0.86
2020-10-29 16:30:00-05:00,7241,0.0,11.1,98.3,0.9
2020-10-29 17:30:00-05:00,7242,0.0,10.0,98.3,0.96
2020-10-29 18:30:00-05:00,7243,0.0,10.0,98.4,1.0
2020-10-29 19:30:00-05:00,7244,0.0,9.4,98.4,1.0
2020-10-29 20:30:00-05:00,7245,0.0,8.9,98.3,1.0
2020-10-29 21:30:00-05:00,7246,0.0,8.9,98.4,1.0
2020-10-29 22:30:00-05:00,7247,0.0,8.9,98.4,1.0
2020-10-29 23:30:00-05:00,7248,0.0,8.9,98.3,1.0
2020-10-30 00:30:00-05:00,7249,0.0,8.9,98.4,1.0
2020-10-30 01:30:00-05:00,7250,0.0,8.9,98.4,1.0
2020-10-30 02:30:00-05:00,7251,0.0,8.9,98.3,1.0
2020-10-30 03:30:00-05:00,7252,0.0,8.9,98.3,1.0
2020-10-30 04:30:00-05:00,7253,0.0,8.9,98.4,1.0
2020-10-30 05:30:00-05:00,7254,0.0,8.9,98.4,1.0
2020-10-30 06:30:00-05:00,7255,0.0,8.9,98.4,1.0
2020-10-30 07:30:00-05:00,7256,0.0,8.9,98.5,1.0
2020-10-30 08:30:00-05:00,7257,0.0,10.0,98.5,1.0
2020-10-30 09:30:00-05:00,7258,0.0,11.1,98.5,1.0
2020-10-30 10:30:00-05:00,7259,0.0,11.7,98.5,1.0
2020-10-30 11:30:00-05:00,7260,0.0,12.2,98.5,0.93
2020-10-30 12:30:00-05:00,7261,0.0,12.2,98.4,0.93
2020-10-30 13:30:00-05:00,7262,0.0,11.7,98.4,0.96
2020-10-30 14:30:00-05:00,7263,0.0,11.7,98.4,0.96
2020-10-30 15:30:00-05:00,7264,0.0,11.1,98.4,1.0
2020-10-30 16:30:00-05:00,7265,0.0,11.1,98.5,1.0
2020-10-30 17:30:00-05:00,7266,0.0,10.6,98.5,1.0
2020-10-30 18:30:00-05:00,7267,0.0,10.6,98.5,1.0
2020-10-30 19:30:00-05:00,7268,0.0,10.6,98.6,1.0
2020-10-30 20:30:00-05:00,7269,0.0,10.6,98.6,0.96
2020-10-30 21:30:00-05:00,7270,0.0,10.6,98.6,0.96
2020-10-30 22:30:00-05:00,7271,0.0,10.6,98.6,0.96
2020-10-30 23:30:00-05:00,7272,0.0,10.6,98.5,0.96
2020-10-31 00:30:00-05:00,7273,0.0,10.6,98.5,0.96
2020-10-31 01:30:00-05:00,7274,0.0,10.0,98.5,1.0
2020-10-31 02:30:00-05:00,7275,0.0,8.9,98.5,1.0
2020-10-31 03:30:00-05:00,7276,0.0,8.9,98.5,1.0
2020-10-31 04:30:00-05:00,7277,0.0,8.3,98.5,1.0
2020-10-31 05:30:00-05:00,7278,0.0,8.3,98.5,1.0
2020-10-31 06:30:00-05:00,7279,0.0,7.8,98.6,1.0
2020-10-31 07:30:00-05:00,7280,0.0,7.8,98.6,1.0
2020-10-31 08:30:00-05:00,7281,0.0,7.8,98.7,0.96
2020-10-31 09:30:00-05:00,7282,0.0,10.6,98.7,0.83
2020-10-31 10:30:00-05:00,7283,0.0,12.8,98.6,0.72
2020-10-31 11:30:00-05:00,7284,0.0,14.4,98.6,0.62
2020-10-31 12:30:00-05:00,7285,0.0,16.1,98.5,0.52
2020-10-31 13:30:00-05:00,7286,0.0,17.8,98.4,0.43
2020-10-31 14:30:00-05:00,7287,0.0,18.9,98.3,0.36
2020-10-31 15:30:00-05:00,7288,0.0,18.9,98.3,0.26
2020-10-31 16:30:00-05:00,7289,0.0,17.2,98.3,0.27
2020-10-31 17:30:00-05:00,7290,0.0,12.2,98.3,0.42
2020-10-31 18:30:00-05:00,7291,0.0,12.2,98.3,0.42
2020-10-31 19:30:00-05:00,7292,0.0,10.6,98.4,0.46
2020-10-31 20:30:00-05:00,7293,0.0,9.4,98.4,0.52
2020-10-31 21:30:00-05:00,7294,0.0,9.5,98.4,0.52
2020-10-31 22:30:00-05:00,7295,0.0,9.6,98.4,0.56
2020-10-31 23:30:00-05:00,7296,0.0,9.7,98.3,0.61
2020-11-01 00:30:00-05:00,7297,0.0,9.7,99.1,0.83
2020-11-01 01:30:00-05:00,7298,0.0,9.8,99.1,0.89
2020-11-01 02:30:00-05:00,7299,0.0,9.9,99.1,0.93
2020-11-01 03:30:00-05:00,7300,0.0,10.0,99.1,0.89
2020-11-01 04:30:00-05:00,7301,0.0,10.0,99.1,0.93
2020-11-01 05:30:00-05:00,7302,0.0,10.0,99.1,0.93
2020-11-01 06:30:00-05:00,7303,0.0,9.4,99.1,0.96
2020-11-01 07:30:00-05:00,7304,0.0,9.4,99.1,0.96
2020-11-01 08:30:00-05:00,7305,0.0,11.1,99.2,0.86
2020-11-01 09:30:00-05:00,7306,0.0,12.2,99.2,0.8
2020-11-01 10:30:00-05:00,7307,0.0,15.6,99.1,0.67
2020-11-01 11:30:00-05:00,7308,0.0,17.8,99.1,0.63
2020-11-01 12:30:00-05:00,7309,0.0,20.0,99.0,0.57
2020-11-01 13:30:00-05:00,7310,0.0,20.6,98.9,0.55
2020-11-01 14:30:00-05:00,7311,0.0,20.6,98.8,0.57
2020-11-01 15:30:00-05:00,7312,0.0,21.1,98.8,0.57
2020-11-01 16:30:00-05:00,7313,0.0,20.0,98.8,0.63
2020-11-01 17:30:00-05:00,7314,0.0,18.9,98.8,0.7
2020-11-01 18:30:00-05:00,7315,0.0,18.3,98.8,0.75
2020-11-01 19:30:00-05:00,7316,0.0,17.2,98.9,0.78
2020-11-01 20:30:00-05:00,7317,0.0,17.2,98.9,0.78
2020-11-01 21:30:00-05:00,7318,0.0,16.1,98.9,0.84
2020-11-01 22:30:00-05:00,7319,0.0,15.6,98.9,0.87
2020-11-01 23:30:00-05:00,7320,0.0,15.6,98.8,0.87
2020-11-02 00:30:00-05:00,7321,0.0,15.0,98.8,0.9
2020-11-02 01:30:00-05:00,7322,0.0,15.0,98.8,0.9
2020-11-02 02:30:00-05:00,7323,0.0,14.4,98.7,0.9
2020-11-02 03:30:00-05:00,7324,0.0,14.4,98.7,0.9
2020-11-02 04:30:00-05:00,7325,0.0,13.9,98.7,0.93
2020-11-02 05:30:00-05:00,7326,0.0,13.9,98.7,0.93
2020-11-02 06:30:00-05:00,7327,0.0,13.3,98.7,0.96
2020-11-02 07:30:00-05:00,7328,0.0,13.9,98.8,0.93
2020-11-02 08:30:00-05:00,7329,0.0,15.0,98.8,0.9
2020-11-02 09:30:00-05:00,7330,0.0,18.9,98.9,0.76
2020-11-02 10:30:00-05:00,7331,0.0,20.0,98.8,0.71
2020-11-02 11:30:00-05:00,7332,0.0,21.1,98.8,0.66
2020-11-02 12:30:00-05:00,7333,0.0,23.3,98.7,0.58
2020-11-02 13:30:00-05:00,7334,0.0,23.3,98.6,0.54
2020-11-02 14:30:00-05:00,7335,0.0,22.8,98.5,0.53
2020-11-02 15:30:00-05:00,7336,0.0,22.2,98.5,0.53
2020-11-02 16:30:00-05:00,7337,0.0,21.1,98.5,0.57
2020-11-02 17:30:00-05:00,7338,0.0,19.4,98.5,0.66
2020-11-02 18:30:00-05:00,7339,0.0,18.9,98.5,0.68
2020-11-02 19:30:00-05:00,7340,0.0,17.8,98.5,0.73
2020-11-02 20:30:00-05:00,7341,0.0,17.2,98.5,0.75
2020-11-02 21:30:00-05:00,7342,0.0,16.1,98.5,0.81
2020-11-02 22:30:00-05:00,7343,0.0,16.1,98.5,0.81
2020-11-02 23:30:00-05:00,7344,0.0,15.0,98.6,0.87
2020-11-03 00:30:00-05:00,7345,0.0,15.0,98.6,0.84
2020-11-03 01:30:00-05:00,7346,0.0,15.0,98.5,0.87
2020-11-03 02:30:00-05:00,7347,0.0,14.4,98.5,0.87
2020-11-03 03:30:00-05:00,7348,0.0,13.9,98.5,0.9
2020-11-03 04:30:00-05:00,7349,0.0,13.9,98.5,0.9
2020-11-03 05:30:00-05:00,7350,0.0,13.9,98.5,0.9
2020-11-03 06:30:00-05:00,7351,0.0,13.3,98.6,0.93
2020-11-03 07:30:00-05:00,7352,0.0,13.9,98.6,0.9
2020-11-03 08:30:00-05:00,7353,0.0,16.1,98.7,0.81
2020-11-03 09:30:00-05:00,7354,0.0,20.0,98.7,0.68
2020-11-03 10:30:00-05:00,7355,0.0,21.7,98.6,0.61
2020-11-03 11:30:00-05:00,7356,0.0,21.7,98.6,0.64
2020-11-03 12:30:00-05:00,7357,0.0,21.1,98.5,0.66
2020-11-03 13:30:00-05:00,7358,0.0,21.7,98.5,0.66
2020-11-03 14:30:00-05:00,7359,0.0,21.7,98.4,0.66
2020-11-03 15:30:00-05:00,7360,0.0,21.1,98.4,0.66
2020-11-03 16:30:00-05:00,7361,0.0,21.1,98.4,0.68
2020-11-03 17:30:00-05:00,7362,0.0,20.0,98.4,0.73
2020-11-03 18:30:00-05:00,7363,0.0,19.4,98.4,0.76
2020-11-03 19:30:00-05:00,7364,0.0,18.9,98.4,0.78
2020-11-03 20:30:00-05:00,7365,0.0,18.3,98.4,0.81
2020-11-03 21:30:00-05:00,7366,0.0,17.8,98.5,0.84
2020-11-03 22:30:00-05:00,7367,0.0,17.8,98.5,0.84
2020-11-03 23:30:00-05:00,7368,0.0,18.3,98.5,0.81
2020-11-04 00:30:00-05:00,7369,0.0,17.8,98.5,0.84
2020-11-04 01:30:00-05:00,7370,0.0,17.2,98.5,0.87
2020-11-04 02:30:00-05:00,7371,0.0,17.2,98.4,0.87
2020-11-04 03:30:00-05:00,7372,0.0,17.2,98.4,0.87
2020-11-04 04:30:00-05:00,7373,0.0,16.7,98.4,0.87
2020-11-04 05:30:00-05:00,7374,0.0,16.1,98.4,0.9
2020-11-04 06:30:00-05:00,7375,0.0,16.1,98.5,0.9
2020-11-04 07:30:00-05:00,7376,0.0,16.7,98.5,0.9
2020-11-04 08:30:00-05:00,7377,0.0,16.1,98.6,0.93
2020-11-04 09:30:00-05:00,7378,0.0,16.7,98.6,0.97
2020-11-04 10:30:00-05:00,7379,0.0,16.7,98.7,1.0
2020-11-04 11:30:00-05:00,7380,0.0,17.2,98.6,0.9
2020-11-04 12:30:00-05:00,7381,0.0,16.7,98.5,0.97
2020-11-04 13:30:00-05:00,7382,0.0,17.8,98.4,0.97
2020-11-04 14:30:00-05:00,7383,0.0,18.3,98.4,0.9
2020-11-04 15:30:00-05:00,7384,0.0,21.1,98.3,0.76
2020-11-04 16:30:00-05:00,7385,0.0,21.7,98.3,0.71
2020-11-04 17:30:00-05:00,7386,0.0,19.4,98.3,0.78
2020-11-04 18:30:00-05:00,7387,0.0,18.3,98.3,0.84
2020-11-04 19:30:00-05:00,7388,0.0,18.3,98.3,0.84
2020-11-04 20:30:00-05:00,7389,0.0,17.8,98.3,0.87
2020-11-04 21:30:00-05:00,7390,0.0,17.2,98.3,0.9
2020-11-04 22:30:00-05:00,7391,0.0,17.2,98.4,0.9
2020-11-04 23:30:00-05:00,7392,0.0,16.7,98.3,0.9
2020-11-05 00:30:00-05:00,7393,0.0,16.1,98.3,0.9
2020-11-05 01:30:00-05:00,7394,0.0,15.6,98.3,0.9
2020-11-05 02:30:00-05:00,7395,0.0,15.0,98.3,0.9
2020-11-05 03:30:00-05:00,7396,0.0,15.0,98.2,0.9
2020-11-05 04:30:00-05:00,7397,0.0,15.0,98.2,0.93
2020-11-05 05:30:00-05:00,7398,0.0,15.0,98.2,0.93
2020-11-05 06:30:00-05:00,7399,0.0,14.4,98.2,0.93
2020-11-05 07:30:00-05:00,7400,0.0,14.4,98.2,0.93
2020-11-05 08:30:00-05:00,7401,0.0,16.1,98.3,0.93
2020-11-05 09:30:00-05:00,7402,0.0,17.2,98.2,0.9
2020-11-05 10:30:00-05:00,7403,0.0,18.9,98.2,0.87
2020-11-05 11:30:00-05:00,7404,0.0,20.6,98.2,0.81
2020-11-05 12:30:00-05:00,7405,0.0,22.2,98.0,0.68
2020-11-05 13:30:00-05:00,7406,0.0,23.3,97.9,0.64
2020-11-05 14:30:00-05:00,7407,0.0,23.9,97.9,0.6
2020-11-05 15:30:00-05:00,7408,0.0,24.4,97.8,0.54
2020-11-05 16:30:00-05:00,7409,0.0,22.2,97.8,0.64
2020-11-05 17:30:00-05:00,7410,0.0,18.9,97.8,0.87
2020-11-05 18:30:00-05:00,7411,0.0,17.8,97.9,0.97
2020-11-05 19:30:00-05:00,7412,0.0,16.7,97.9,1.0
2020-11-05 20:30:00-05:00,7413,0.0,16.7,97.8,1.0
2020-11-05 21:30:00-05:00,7414,0.0,15.6,97.9,1.0
2020-11-05 22:30:00-05:00,7415,0.0,15.0,97.8,1.0
2020-11-05 23:30:00-05:00,7416,0.0,13.3,97.8,1.0
2020-11-06 00:30:00-05:00,7417,0.0,13.3,97.8,1.0
2020-11-06 01:30:00-05:00,7418,0.0,12.8,97.8,0.96
2020-11-06 02:30:00-05:00,7419,0.0,12.2,97.8,0.96
2020-11-06 03:30:00-05:00,7420,0.0,11.1,97.8,0.93
2020-11-06 04:30:00-05:00,7421,0.0,10.0,97.8,0.93
2020-11-06 05:30:00-05:00,7422,0.0,9.4,97.8,0.93
2020-11-06 06:30:00-05:00,7423,0.0,8.9,97.8,0.93
2020-11-06 07:30:00-05:00,7424,0.0,10.0,97.8,0.93
2020-11-06 08:30:00-05:00,7425,0.0,12.2,97.9,0.86
2020-11-06 09:30:00-05:00,7426,0.0,14.4,97.8,0.81
2020-11-06 10:30:00-05:00,7427,0.0,17.2,97.8,0.63
2020-11-06 11:30:00-05:00,7428,0.0,17.8,97.8,0.56
2020-11-06 12:30:00-05:00,7429,0.0,18.9,97.7,0.51
2020-11-06 13:30:00-05:00,7430,0.0,20.6,97.6,0.32
2020-11-06 14:30:00-05:00,7431,0.0,20.6,97.6,0.26
2020-11-06 15:30:00-05:00,7432,0.0,20.6,97.5,0.26
2020-11-06 16:30:00-05:00,7433,0.0,18.9,97.5,0.28
2020-11-06 17:30:00-05:00,7434,0.0,16.7,97.6,0.26
2020-11-06 18:30:00-05:00,7435,0.0,14.4,97.6,0.33
2020-11-06 19:30:00-05:00,7436,0.0,12.8,97.7,0.39
2020-11-06 20:30:00-05:00,7437,0.0,12.2,97.7,0.4
2020-11-06 21:30:00-05:00,7438,0.0,11.1,97.7,0.45
2020-11-06 22:30:00-05:00,7439,0.0,10.6,97.8,0.45
2020-11-06 23:30:00-05:00,7440,0.0,9.4,97.8,0.46
2020-11-07 00:30:00-05:00,7441,0.0,8.9,97.8,0.48
2020-11-07 01:30:00-05:00,7442,0.0,8.3,97.8,0.48
2020-11-07 02:30:00-05:00,7443,0.0,7.8,97.8,0.5
2020-11-07 03:30:00-05:00,7444,0.0,7.2,97.8,0.51
2020-11-07 04:30:00-05:00,7445,0.0,6.7,97.8,0.53
2020-11-07 05:30:00-05:00,7446,0.0,6.1,97.9,0.58
2020-11-07 06:30:00-05:00,7447,0.0,5.6,97.9,0.58
2020-11-07 07:30:00-05:00,7448,0.0,6.1,98.0,0.6
2020-11-07 08:30:00-05:00,7449,0.0,8.9,98.0,0.54
2020-11-07 09:30:00-05:00,7450,0.0,11.7,98.0,0.41
2020-11-07 10:30:00-05:00,7451,0.0,13.9,98.1,0.36
2020-11-07 11:30:00-05:00,7452,0.0,16.1,98.1,0.31
2020-11-07 12:30:00-05:00,7453,0.0,17.8,98.0,0.26
2020-11-07 13:30:00-05:00,7454,0.0,18.3,97.9,0.23
2020-11-07 14:30:00-05:00,7455,0.0,18.9,97.9,0.22
2020-11-07 15:30:00-05:00,7456,0.0,18.3,97.9,0.22
2020-11-07 16:30:00-05:00,7457,0.0,16.7,97.9,0.25
2020-11-07 17:30:00-05:00,7458,0.0,13.3,98.0,0.32
2020-11-07 18:30:00-05:00,7459,0.0,11.7,98.0,0.35
2020-11-07 19:30:00-05:00,7460,0.0,10.0,98.1,0.41
2020-11-07 20:30:00-05:00,7461,0.0,9.4,98.1,0.44
2020-11-07 21:30:00-05:00,7462,0.0,8.3,98.1,0.5
2020-11-07 22:30:00-05:00,7463,0.0,8.3,98.1,0.5
2020-11-07 23:30:00-05:00,7464,0.0,5.6,98.1,0.63
2020-11-08 00:30:00-05:00,7465,0.0,5.6,98.1,0.63
2020-11-08 01:30:00-05:00,7466,0.0,5.6,98.1,0.63
2020-11-08 02:30:00-05:00,7467,0.0,5.0,98.1,0.62
2020-11-08 03:30:00-05:00,7468,0.0,5.0,98.1,0.62
2020-11-08 04:30:00-05:00,7469,0.0,3.3,98.2,0.65
2020-11-08 05:30:00-05:00,7470,0.0,4.4,98.2,0.62
2020-11-08 06:30:00-05:00,7471,0.0,4.4,98.3,0.62
2020-11-08 07:30:00-05:00,7472,0.0,4.4,98.4,0.68
2020-11-08 08:30:00-05:00,7473,0.0,9.4,98.4,0.5
2020-11-08 09:30:00-05:00,7474,0.0,11.7,98.5,0.43
2020-11-08 10:30:00-05:00,7475,0.0,15.0,98.5,0.35
2020-11-08 11:30:00-05:00,7476,0.0,17.8,98.4,0.29
2020-11-08 12:30:00-05:00,7477,0.0,19.4,98.4,0.24
2020-11-08 13:30:00-05:00,7478,0.0,20.6,98.3,0.21
2020-11-08 14:30:00-05:00,7479,0.0,21.7,98.3,0.19
2020-11-08 15:30:00-05:00,7480,0.0,21.7,98.3,0.19
2020-11-08 16:30:00-05:00,7481,0.0,21.1,98.3,0.21
2020-11-08 17:30:00-05:00,7482,0.0,19.4,98.3,0.22
2020-11-08 18:30:00-05:00,7483,0.0,16.7,98.4,0.29
2020-11-08 19:30:00-05:00,7484,0.0,16.1,98.4,0.3
2020-11-08 20:30:00-05:00,7485,0.0,15.0,98.5,0.32
2020-11-08 21:30:00-05:00,7486,0.0,13.9,98.5,0.36
2020-11-08 22:30:00-05:00,7487,0.0,12.2,98.5,0.42
2020-11-08 23:30:00-05:00,7488,0.0,11.1,98.5,0.47
2020-11-09 00:30:00-05:00,7489,0.0,10.0,98.5,0.52
2020-11-09 01:30:00-05:00,7490,0.0,8.3,98.5,0.58
2020-11-09 02:30:00-05:00,7491,0.0,7.8,98.5,0.58
2020-11-09 03:30:00-05:00,7492,0.0,7.2,98.5,0.58
2020-11-09 04:30:00-05:00,7493,0.0,7.8,98.5,0.58
2020-11-09 05:30:00-05:00,7494,0.0,7.2,98.5,0.6
2020-11-09 06:30:00-05:00,7495,0.0,6.1,98.5,0.6
2020-11-09 07:30:00-05:00,7496,0.0,8.3,98.6,0.58
2020-11-09 08:30:00-05:00,7497,0.0,8.9,98.7,0.61
2020-11-09 09:30:00-05:00,7498,0.0,10.6,98.6,0.59
2020-11-09 10:30:00-05:00,7499,0.0,13.3,98.7,0.53
2020-11-09 11:30:00-05:00,7500,0.0,15.6,98.6,0.5
2020-11-09 12:30:00-05:00,7501,0.0,17.2,98.6,0.46
2020-11-09 13:30:00-05:00,7502,0.0,19.4,98.5,0.42
2020-11-09 14:30:00-05:00,7503,0.0,20.0,98.4,0.39
2020-11-09 15:30:00-05:00,7504,0.0,20.0,98.4,0.41
2020-11-09 16:30:00-05:00,7505,0.0,20.6,98.4,0.39
2020-11-09 17:30:00-05:00,7506,0.0,18.9,98.4,0.43
2020-11-09 18:30:00-05:00,7507,0.0,17.2,98.5,0.54
2020-11-09 19:30:00-05:00,7508,0.0,16.7,98.5,0.58
2020-11-09 20:30:00-05:00,7509,0.0,15.0,98.5,0.65
2020-11-09 21:30:00-05:00,7510,0.0,13.9,98.5,0.69
2020-11-09 22:30:00-05:00,7511,0.0,13.9,98.5,0.69
2020-11-09 23:30:00-05:00,7512,0.0,13.9,98.5,0.69
2020-11-10 00:30:00-05:00,7513,0.0,13.9,98.5,0.69
2020-11-10 01:30:00-05:00,7514,0.0,13.3,98.4,0.72
2020-11-10 02:30:00-05:00,7515,0.0,13.3,98.4,0.72
2020-11-10 03:30:00-05:00,7516,0.0,13.3,98.4,0.72
2020-11-10 04:30:00-05:00,7517,0.0,11.7,98.5,0.8
2020-11-10 05:30:00-05:00,7518,0.0,11.7,98.5,0.8
2020-11-10 06:30:00-05:00,7519,0.0,11.1,98.5,0.83
2020-11-10 07:30:00-05:00,7520,0.0,11.7,98.5,0.8
2020-11-10 08:30:00-05:00,7521,0.0,12.8,98.5,0.77
2020-11-10 09:30:00-05:00,7522,0.0,13.3,98.5,0.75
2020-11-10 10:30:00-05:00,7523,0.0,15.0,98.5,0.67
2020-11-10 11:30:00-05:00,7524,0.0,16.1,98.4,0.63
2020-11-10 12:30:00-05:00,7525,0.0,16.7,98.4,0.6
2020-11-10 13:30:00-05:00,7526,0.0,17.8,98.3,0.54
2020-11-10 14:30:00-05:00,7527,0.0,18.9,98.2,0.47
2020-11-10 15:30:00-05:00,7528,0.0,18.3,98.3,0.42
2020-11-10 16:30:00-05:00,7529,0.0,17.2,98.3,0.45
2020-11-10 17:30:00-05:00,7530,0.0,15.6,98.3,0.52
2020-11-10 18:30:00-05:00,7531,0.0,14.4,98.3,0.55
2020-11-10 19:30:00-05:00,7532,0.0,13.9,98.4,0.6
2020-11-10 20:30:00-05:00,7533,0.0,12.8,98.4,0.72
2020-11-10 21:30:00-05:00,7534,0.0,12.8,98.4,0.75
2020-11-10 22:30:00-05:00,7535,0.0,11.7,98.4,0.8
2020-11-10 23:30:00-05:00,7536,0.0,11.7,98.4,0.77
2020-11-11 00:30:00-05:00,7537,0.0,11.1,98.4,0.77
2020-11-11 01:30:00-05:00,7538,0.0,10.0,98.3,0.83
2020-11-11 02:30:00-05:00,7539,0.0,9.4,98.3,0.83
2020-11-11 03:30:00-05:00,7540,0.0,8.3,98.3,0.86
2020-11-11 04:30:00-05:00,7541,0.0,7.8,98.3,0.93
2020-11-11 05:30:00-05:00,7542,0.0,6.1,98.3,0.96
2020-11-11 06:30:00-05:00,7543,0.0,6.7,98.4,0.93
2020-11-11 07:30:00-05:00,7544,0.0,6.1,98.4,0.93
2020-11-11 08:30:00-05:00,7545,0.0,8.9,98.4,0.83
2020-11-11 09:30:00-05:00,7546,0.0,13.3,98.4,0.64
2020-11-11 10:30:00-05:00,7547,0.0,16.7,98.4,0.5
2020-11-11 11:30:00-05:00,7548,0.0,19.4,98.3,0.4
2020-11-11 12:30:00-05:00,7549,0.0,21.1,98.2,0.31
2020-11-11 13:30:00-05:00,7550,0.0,21.1,98.1,0.31
2020-11-11 14:30:00-05:00,7551,0.0,21.1,98.1,0.32
2020-11-11 15:30:00-05:00,7552,0.0,21.7,98.1,0.28
2020-11-11 16:30:00-05:00,7553,0.0,19.4,98.1,0.32
2020-11-11 17:30:00-05:00,7554,0.0,16.7,98.1,0.4
2020-11-11 18:30:00-05:00,7555,0.0,14.4,98.1,0.44
2020-11-11 19:30:00-05:00,7556,0.0,13.3,98.1,0.51
2020-11-11 20:30:00-05:00,7557,0.0,12.2,98.2,0.57
2020-11-11 21:30:00-05:00,7558,0.0,11.1,98.2,0.61
2020-11-11 22:30:00-05:00,7559,0.0,8.9,98.2,0.71
2020-11-11 23:30:00-05:00,7560,0.0,7.8,98.2,0.74
2020-11-12 00:30:00-05:00,7561,0.0,6.7,98.2,0.76
2020-11-12 01:30:00-05:00,7562,0.0,6.7,98.2,0.76
2020-11-12 02:30:00-05:00,7563,0.0,6.1,98.2,0.79
2020-11-12 03:30:00-05:00,7564,0.0,7.2,98.2,0.74
2020-11-12 04:30:00-05:00,7565,0.0,7.8,98.2,0.66
2020-11-12 05:30:00-05:00,7566,0.0,7.2,98.2,0.65
2020-11-12 06:30:00-05:00,7567,0.0,7.2,98.3,0.63
2020-11-12 07:30:00-05:00,7568,0.0,8.3,98.4,0.58
2020-11-12 08:30:00-05:00,7569,0.0,10.0,98.5,0.54
2020-11-12 09:30:00-05:00,7570,0.0,11.7,98.5,0.49
2020-11-12 10:30:00-05:00,7571,0.0,13.9,98.5,0.44
2020-11-12 11:30:00-05:00,7572,0.0,16.7,98.5,0.38
2020-11-12 12:30:00-05:00,7573,0.0,17.8,98.4,0.35
2020-11-12 13:30:00-05:00,7574,0.0,18.9,98.3,0.34
2020-11-12 14:30:00-05:00,7575,0.0,20.0,98.3,0.31
2020-11-12 15:30:00-05:00,7576,0.0,19.4,98.3,0.32
2020-11-12 16:30:00-05:00,7577,0.0,17.8,98.3,0.37
2020-11-12 17:30:00-05:00,7578,0.0,15.0,98.3,0.44
2020-11-12 18:30:00-05:00,7579,0.0,13.9,98.3,0.47
2020-11-12 19:30:00-05:00,7580,0.0,12.8,98.4,0.51
2020-11-12 20:30:00-05:00,7581,0.0,11.1,98.4,0.55
2020-11-12 21:30:00-05:00,7582,0.0,10.6,98.5,0.5
2020-11-12 22:30:00-05:00,7583,0.0,8.9,98.5,0.54
2020-11-12 23:30:00-05:00,7584,0.0,8.3,98.5,0.52
2020-11-13 00:30:00-05:00,7585,0.0,7.8,98.5,0.5
2020-11-13 01:30:00-05:00,7586,0.0,6.7,98.6,0.53
2020-11-13 02:30:00-05:00,7587,0.0,6.7,98.6,0.51
2020-11-13 03:30:00-05:00,7588,0.0,5.6,98.6,0.55
2020-11-13 04:30:00-05:00,7589,0.0,4.4,98.7,0.6
2020-11-13 05:30:00-05:00,7590,0.0,3.9,98.8,0.62
2020-11-13 06:30:00-05:00,7591,0.0,3.3,98.8,0.62
2020-11-13 07:30:00-05:00,7592,0.0,3.9,98.9,0.6
2020-11-13 08:30:00-05:00,7593,0.0,4.4,98.9,0.57
2020-11-13 09:30:00-05:00,7594,0.0,6.7,98.9,0.49
2020-11-13 10:30:00-05:00,7595,0.0,9.4,98.9,0.41
2020-11-13 11:30:00-05:00,7596,0.0,10.0,98.8,0.39
2020-11-13 12:30:00-05:00,7597,0.0,12.2,98.7,0.35
2020-11-13 13:30:00-05:00,7598,0.0,13.3,98.6,0.33
2020-11-13 14:30:00-05:00,7599,0.0,14.4,98.5,0.32
2020-11-13 15:30:00-05:00,7600,0.0,14.4,98.5,0.32
2020-11-13 16:30:00-05:00,7601,0.0,13.3,98.4,0.36
2020-11-13 17:30:00-05:00,7602,0.0,12.2,98.4,0.37
2020-11-13 18:30:00-05:00,7603,0.0,10.6,98.5,0.46
2020-11-13 19:30:00-05:00,7604,0.0,10.0,98.5,0.48
2020-11-13 20:30:00-05:00,7605,0.0,9.4,98.5,0.5
2020-11-13 21:30:00-05:00,7606,0.0,7.8,98.5,0.58
2020-11-13 22:30:00-05:00,7607,0.0,7.2,98.5,0.6
2020-11-13 23:30:00-05:00,7608,0.0,6.1,98.5,0.65
2020-11-14 00:30:00-05:00,7609,0.0,6.1,98.5,0.68
2020-11-14 01:30:00-05:00,7610,0.0,6.1,98.5,0.63
2020-11-14 02:30:00-05:00,7611,0.0,5.6,98.5,0.65
2020-11-14 03:30:00-05:00,7612,0.0,5.6,98.4,0.6
2020-11-14 04:30:00-05:00,7613,0.0,4.4,98.4,0.65
2020-11-14 05:30:00-05:00,7614,0.0,3.9,98.5,0.62
2020-11-14 06:30:00-05:00,7615,0.0,3.3,98.5,0.65
2020-11-14 07:30:00-05:00,7616,0.0,1.7,98.6,0.79
2020-11-14 08:30:00-05:00,7617,0.0,8.9,98.6,0.5
2020-11-14 09:30:00-05:00,7618,0.0,11.7,98.6,0.25
2020-11-14 10:30:00-05:00,7619,0.0,13.9,98.5,0.19
2020-11-14 11:30:00-05:00,7620,0.0,15.0,98.5,0.19
2020-11-14 12:30:00-05:00,7621,0.0,17.2,98.3,0.23
2020-11-14 13:30:00-05:00,7622,0.0,18.3,98.2,0.22
2020-11-14 14:30:00-05:00,7623,0.0,20.0,98.1,0.22
2020-11-14 15:30:00-05:00,7624,0.0,19.4,98.0,0.23
2020-11-14 16:30:00-05:00,7625,0.0,17.8,98.0,0.27
2020-11-14 17:30:00-05:00,7626,0.0,15.0,98.0,0.32
2020-11-14 18:30:00-05:00,7627,0.0,12.8,98.0,0.39
2020-11-14 19:30:00-05:00,7628,0.0,11.7,98.0,0.43
2020-11-14 20:30:00-05:00,7629,0.0,10.0,98.0,0.52
2020-11-14 21:30:00-05:00,7630,0.0,8.3,98.0,0.58
2020-11-14 22:30:00-05:00,7631,0.0,7.8,98.0,0.61
2020-11-14 23:30:00-05:00,7632,0.0,7.2,98.0,0.65
2020-11-15 00:30:00-05:00,7633,0.0,6.7,97.9,0.68
2020-11-15 01:30:00-05:00,7634,0.0,7.2,97.9,0.65
2020-11-15 02:30:00-05:00,7635,0.0,7.2,97.9,0.68
2020-11-15 03:30:00-05:00,7636,0.0,6.7,97.9,0.71
2020-11-15 04:30:00-05:00,7637,0.0,6.7,97.9,0.71
2020-11-15 05:30:00-05:00,7638,0.0,5.0,97.9,0.76
2020-11-15 06:30:00-05:00,7639,0.0,3.9,97.9,0.82
2020-11-15 07:30:00-05:00,7640,0.0,5.6,97.9,0.76
2020-11-15 08:30:00-05:00,7641,0.0,8.3,97.9,0.66
2020-11-15 09:30:00-05:00,7642,0.0,12.8,97.9,0.51
2020-11-15 10:30:00-05:00,7643,0.0,17.2,97.9,0.38
2020-11-15 11:30:00-05:00,7644,0.0,18.9,97.9,0.34
2020-11-15 12:30:00-05:00,7645,0.0,20.0,97.8,0.32
2020-11-15 13:30:00-05:00,7646,0.0,21.1,97.7,0.29
2020-11-15 14:30:00-05:00,7647,0.0,21.7,97.6,0.28
2020-11-15 15:30:00-05:00,7648,0.0,21.1,97.6,0.29
2020-11-15 16:30:00-05:00,7649,0.0,20.0,97.6,0.3
2020-11-15 17:30:00-05:00,7650,0.0,16.7,97.6,0.37
2020-11-15 18:30:00-05:00,7651,0.0,14.4,97.6,0.44
2020-11-15 19:30:00-05:00,7652,0.0,12.8,97.6,0.51
2020-11-15 20:30:00-05:00,7653,0.0,12.2,97.6,0.51
2020-11-15 21:30:00-05:00,7654,0.0,12.8,97.6,0.51
2020-11-15 22:30:00-05:00,7655,0.0,12.2,97.6,0.53
2020-11-15 23:30:00-05:00,7656,0.0,12.2,97.6,0.53
2020-11-16 00:30:00-05:00,7657,0.0,11.7,97.6,0.55
2020-11-16 01:30:00-05:00,7658,0.0,11.7,97.5,0.55
2020-11-16 02:30:00-05:00,7659,0.0,10.6,97.5,0.59
2020-11-16 03:30:00-05:00,7660,0.0,9.4,97.5,0.61
2020-11-16 04:30:00-05:00,7661,0.0,8.9,97.5,0.63
2020-11-16 05:30:00-05:00,7662,0.0,10.0,97.5,0.61
2020-11-16 06:30:00-05:00,7663,0.0,10.0,97.5,0.66
2020-11-16 07:30:00-05:00,7664,0.0,9.4,97.5,0.86
2020-11-16 08:30:00-05:00,7665,0.0,10.0,97.4,0.74
2020-11-16 09:30:00-05:00,7666,0.0,10.6,97.4,0.93
2020-11-16 10:30:00-05:00,7667,0.0,11.1,97.3,0.9
2020-11-16 11:30:00-05:00,7668,0.0,12.8,97.2,0.9
2020-11-16 12:30:00-05:00,7669,0.0,12.8,97.1,0.93
2020-11-16 13:30:00-05:00,7670,0.0,15.0,97.0,0.81
2020-11-16 14:30:00-05:00,7671,0.0,16.1,97.0,0.78
2020-11-16 15:30:00-05:00,7672,0.0,16.7,97.0,0.75
2020-11-16 16:30:00-05:00,7673,0.0,16.7,97.0,0.7
2020-11-16 17:30:00-05:00,7674,0.0,15.0,97.1,0.75
2020-11-16 18:30:00-05:00,7675,0.0,14.4,97.1,0.75
2020-11-16 19:30:00-05:00,7676,0.0,13.9,97.2,0.67
2020-11-16 20:30:00-05:00,7677,0.0,13.3,97.2,0.62
2020-11-16 21:30:00-05:00,7678,0.0,11.7,97.2,0.62
2020-11-16 22:30:00-05:00,7679,0.0,11.7,97.2,0.62
2020-11-16 23:30:00-05:00,7680,0.0,12.2,97.2,0.62
2020-11-17 00:30:00-05:00,7681,0.0,11.7,97.2,0.66
2020-11-17 01:30:00-05:00,7682,0.0,10.0,97.3,0.77
2020-11-17 02:30:00-05:00,7683,0.0,8.9,97.3,0.83
2020-11-17 03:30:00-05:00,7684,0.0,8.3,97.3,0.86
2020-11-17 04:30:00-05:00,7685,0.0,7.2,97.4,0.89
2020-11-17 05:30:00-05:00,7686,0.0,7.8,97.4,0.89
2020-11-17 06:30:00-05:00,7687,0.0,7.2,97.5,0.93
2020-11-17 07:30:00-05:00,7688,0.0,7.2,97.5,0.96
2020-11-17 08:30:00-05:00,7689,0.0,10.0,97.6,0.86
2020-11-17 09:30:00-05:00,7690,0.0,12.8,97.7,0.69
2020-11-17 10:30:00-05:00,7691,0.0,14.4,97.7,0.55
2020-11-17 11:30:00-05:00,7692,0.0,15.6,97.6,0.46
2020-11-17 12:30:00-05:00,7693,0.0,17.2,97.6,0.4
2020-11-17 13:30:00-05:00,7694,0.0,17.8,97.5,0.29
2020-11-17 14:30:00-05:00,7695,0.0,18.3,97.5,0.32
2020-11-17 15:30:00-05:00,7696,0.0,18.3,97.5,0.29
2020-11-17 16:30:00-05:00,7697,0.0,17.2,97.6,0.3
2020-11-17 17:30:00-05:00,7698,0.0,14.4,97.6,0.37
2020-11-17 18:30:00-05:00,7699,0.0,13.3,97.6,0.37
2020-11-17 19:30:00-05:00,7700,0.0,10.6,97.7,0.46
2020-11-17 20:30:00-05:00,7701,0.0,10.6,97.7,0.46
2020-11-17 21:30:00-05:00,7702,0.0,8.9,97.7,0.52
2020-11-17 22:30:00-05:00,7703,0.0,7.8,97.8,0.56
2020-11-17 23:30:00-05:00,7704,0.0,6.7,97.8,0.6
2020-11-18 00:30:00-05:00,7705,0.0,5.0,97.8,0.7
2020-11-18 01:30:00-05:00,7706,0.0,5.0,97.8,0.68
2020-11-18 02:30:00-05:00,7707,0.0,5.6,97.8,0.63
2020-11-18 03:30:00-05:00,7708,0.0,5.0,97.8,0.65
2020-11-18 04:30:00-05:00,7709,0.0,5.0,97.8,0.65
2020-11-18 05:30:00-05:00,7710,0.0,4.4,97.8,0.68
2020-11-18 06:30:00-05:00,7711,0.0,3.9,97.9,0.7
2020-11-18 07:30:00-05:00,7712,0.0,4.4,97.9,0.68
2020-11-18 08:30:00-05:00,7713,0.0,7.8,97.9,0.58
2020-11-18 09:30:00-05:00,7714,0.0,12.2,97.9,0.45
2020-11-18 10:30:00-05:00,7715,0.0,15.6,98.0,0.39
2020-11-18 11:30:00-05:00,7716,0.0,17.8,97.9,0.33
2020-11-18 12:30:00-05:00,7717,0.0,19.4,97.8,0.27
2020-11-18 13:30:00-05:00,7718,0.0,21.1,97.8,0.23
2020-11-18 14:30:00-05:00,7719,0.0,21.1,97.7,0.22
2020-11-18 15:30:00-05:00,7720,0.0,21.1,97.7,0.2
2020-11-18 16:30:00-05:00,7721,0.0,20.0,97.7,0.21
2020-11-18 17:30:00-05:00,7722,0.0,17.2,97.7,0.28
2020-11-18 18:30:00-05:00,7723,0.0,15.0,97.8,0.33
2020-11-18 19:30:00-05:00,7724,0.0,13.3,97.8,0.4
2020-11-18 20:30:00-05:00,7725,0.0,12.2,97.8,0.43
2020-11-18 21:30:00-05:00,7726,0.0,11.1,97.8,0.45
2020-11-18 22:30:00-05:00,7727,0.0,12.2,97.8,0.43
2020-11-18 23:30:00-05:00,7728,0.0,10.6,97.8,0.46
2020-11-19 00:30:00-05:00,7729,0.0,12.8,97.8,0.4
2020-11-19 01:30:00-05:00,7730,0.0,10.0,97.8,0.48
2020-11-19 02:30:00-05:00,7731,0.0,8.9,97.8,0.54
2020-11-19 03:30:00-05:00,7732,0.0,8.3,97.8,0.58
2020-11-19 04:30:00-05:00,7733,0.0,8.3,97.8,0.56
2020-11-19 05:30:00-05:00,7734,0.0,10.0,97.8,0.52
2020-11-19 06:30:00-05:00,7735,0.0,11.7,97.8,0.66
2020-11-19 07:30:00-05:00,7736,0.0,11.1,97.8,0.77
2020-11-19 08:30:00-05:00,7737,0.0,12.2,97.8,0.96
2020-11-19 09:30:00-05:00,7738,0.0,13.3,97.8,0.96
2020-11-19 10:30:00-05:00,7739,0.0,14.4,97.8,0.93
2020-11-19 11:30:00-05:00,7740,0.0,17.2,97.8,0.84
2020-11-19 12:30:00-05:00,7741,0.0,18.9,97.7,0.81
2020-11-19 13:30:00-05:00,7742,0.0,21.7,97.6,0.73
2020-11-19 14:30:00-05:00,7743,0.0,24.4,97.5,0.6
2020-11-19 15:30:00-05:00,7744,0.0,23.9,97.4,0.6
2020-11-19 16:30:00-05:00,7745,0.0,23.3,97.3,0.6
2020-11-19 17:30:00-05:00,7746,0.0,22.8,97.4,0.62
2020-11-19 18:30:00-05:00,7747,0.0,21.7,97.4,0.68
2020-11-19 19:30:00-05:00,7748,0.0,21.7,97.3,0.68
2020-11-19 20:30:00-05:00,7749,0.0,21.1,97.2,0.71
2020-11-19 21:30:00-05:00,7750,0.0,21.7,97.1,0.71
2020-11-19 22:30:00-05:00,7751,0.0,21.7,97.1,0.73
2020-11-19 23:30:00-05:00,7752,0.0,21.1,97.0,0.79
2020-11-20 00:30:00-05:00,7753,0.0,19.4,97.1,0.87
2020-11-20 01:30:00-05:00,7754,0.0,16.1,97.2,0.87
2020-11-20 02:30:00-05:00,7755,0.0,13.3,97.2,0.72
2020-11-20 03:30:00-05:00,7756,0.0,11.1,97.2,0.77
2020-11-20 04:30:00-05:00,7757,0.0,8.3,97.3,0.68
2020-11-20 05:30:00-05:00,7758,0.0,6.1,97.4,0.79
2020-11-20 06:30:00-05:00,7759,0.0,5.6,97.4,0.76
2020-11-20 07:30:00-05:00,7760,0.0,6.1,97.5,0.76
2020-11-20 08:30:00-05:00,7761,0.0,5.6,97.6,0.68
2020-11-20 09:30:00-05:00,7762,0.0,5.0,97.7,0.65
2020-11-20 10:30:00-05:00,7763,0.0,4.4,97.7,0.68
2020-11-20 11:30:00-05:00,7764,0.0,3.9,97.8,0.67
2020-11-20 12:30:00-05:00,7765,0.0,4.4,97.8,0.65
2020-11-20 13:30:00-05:00,7766,0.0,5.6,97.7,0.6
2020-11-20 14:30:00-05:00,7767,0.0,5.0,97.7,0.58
2020-11-20 15:30:00-05:00,7768,0.0,5.0,97.8,0.58
2020-11-20 16:30:00-05:00,7769,0.0,4.4,97.8,0.65
2020-11-20 17:30:00-05:00,7770,0.0,4.4,97.8,0.62
2020-11-20 18:30:00-05:00,7771,0.0,3.9,97.9,0.6
2020-11-20 19:30:00-05:00,7772,0.0,3.3,97.9,0.65
2020-11-20 20:30:00-05:00,7773,0.0,3.3,97.9,0.62
2020-11-20 21:30:00-05:00,7774,0.0,3.3,97.9,0.62
2020-11-20 22:30:00-05:00,7775,0.0,2.8,97.9,0.62
2020-11-20 23:30:00-05:00,7776,0.0,2.8,98.0,0.65
2020-11-21 00:30:00-05:00,7777,0.0,0.0,97.9,0.69
2020-11-21 01:30:00-05:00,7778,0.0,0.0,98.0,0.67
2020-11-21 02:30:00-05:00,7779,0.0,-1.1,98.0,0.72
2020-11-21 03:30:00-05:00,7780,0.0,-1.7,98.0,0.72
2020-11-21 04:30:00-05:00,7781,0.0,-2.2,98.0,0.75
2020-11-21 05:30:00-05:00,7782,0.0,-2.8,98.1,0.78
2020-11-21 06:30:00-05:00,7783,0.0,-2.8,98.1,0.78
2020-11-21 07:30:00-05:00,7784,0.0,-2.8,98.1,0.81
2020-11-21 08:30:00-05:00,7785,0.0,-0.6,98.2,0.72
2020-11-21 09:30:00-05:00,7786,0.0,2.2,98.2,0.62
2020-11-21 10:30:00-05:00,7787,0.0,4.4,98.2,0.53
2020-11-21 11:30:00-05:00,7788,0.0,6.1,98.1,0.47
2020-11-21 12:30:00-05:00,7789,0.0,7.2,98.1,0.42
2020-11-21 13:30:00-05:00,7790,0.0,8.9,98.1,0.39
2020-11-21 14:30:00-05:00,7791,0.0,10.0,98.0,0.35
2020-11-21 15:30:00-05:00,7792,0.0,9.4,98.0,0.35
2020-11-21 16:30:00-05:00,7793,0.0,7.2,98.0,0.42
2020-11-21 17:30:00-05:00,7794,0.0,5.6,98.0,0.47
2020-11-21 18:30:00-05:00,7795,0.0,4.4,98.0,0.51
2020-11-21 19:30:00-05:00,7796,0.0,3.3,98.0,0.55
2020-11-21 20:30:00-05:00,7797,0.0,2.8,98.0,0.57
2020-11-21 21:30:00-05:00,7798,0.0,2.2,98.1,0.62
2020-11-21 22:30:00-05:00,7799,0.0,1.1,98.1,0.67
2020-11-21 23:30:00-05:00,7800,0.0,-0.6,98.2,0.72
2020-11-22 00:30:00-05:00,7801,0.0,-1.1,98.2,0.75
2020-11-22 01:30:00-05:00,7802,0.0,-2.2,98.1,0.82
2020-11-22 02:30:00-05:00,7803,0.0,-2.8,98.1,0.81
2020-11-22 03:30:00-05:00,7804,0.0,-2.8,98.1,0.81
2020-11-22 04:30:00-05:00,7805,0.0,-2.8,98.1,0.81
2020-11-22 05:30:00-05:00,7806,0.0,-3.3,98.1,0.85
2020-11-22 06:30:00-05:00,7807,0.0,-3.3,98.1,0.85
2020-11-22 07:30:00-05:00,7808,0.0,-2.8,98.2,0.81
2020-11-22 08:30:00-05:00,7809,0.0,0.6,98.2,0.64
2020-11-22 09:30:00-05:00,7810,0.0,3.3,98.2,0.55
2020-11-22 10:30:00-05:00,7811,0.0,5.6,98.2,0.47
2020-11-22 11:30:00-05:00,7812,0.0,6.7,98.2,0.42
2020-11-22 12:30:00-05:00,7813,0.0,8.9,98.1,0.36
2020-11-22 13:30:00-05:00,7814,0.0,11.1,98.1,0.26
2020-11-22 14:30:00-05:00,7815,0.0,12.2,98.0,0.23
2020-11-22 15:30:00-05:00,7816,0.0,12.2,98.0,0.25
2020-11-22 16:30:00-05:00,7817,0.0,11.1,98.0,0.28
2020-11-22 17:30:00-05:00,7818,0.0,8.9,98.0,0.34
2020-11-22 18:30:00-05:00,7819,0.0,7.2,98.0,0.42
2020-11-22 19:30:00-05:00,7820,0.0,6.1,98.1,0.45
2020-11-22 20:30:00-05:00,7821,0.0,5.6,98.1,0.45
2020-11-22 21:30:00-05:00,7822,0.0,5.0,98.1,0.49
2020-11-22 22:30:00-05:00,7823,0.0,3.9,98.1,0.51
2020-11-22 23:30:00-05:00,7824,0.0,3.3,98.1,0.57
2020-11-23 00:30:00-05:00,7825,0.0,3.9,98.1,0.55
2020-11-23 01:30:00-05:00,7826,0.0,2.8,98.1,0.59
2020-11-23 02:30:00-05:00,7827,0.0,1.7,98.1,0.67
2020-11-23 03:30:00-05:00,7828,0.0,2.2,98.1,0.64
2020-11-23 04:30:00-05:00,7829,0.0,2.8,98.1,0.62
2020-11-23 05:30:00-05:00,7830,0.0,0.6,98.1,0.72
2020-11-23 06:30:00-05:00,7831,0.0,1.1,98.2,0.7
2020-11-23 07:30:00-05:00,7832,0.0,2.2,98.2,0.67
2020-11-23 08:30:00-05:00,7833,0.0,5.0,98.2,0.6
2020-11-23 09:30:00-05:00,7834,0.0,9.4,98.3,0.41
2020-11-23 10:30:00-05:00,7835,0.0,11.7,98.3,0.37
2020-11-23 11:30:00-05:00,7836,0.0,12.8,98.2,0.34
2020-11-23 12:30:00-05:00,7837,0.0,13.3,98.0,0.36
2020-11-23 13:30:00-05:00,7838,0.0,13.9,98.0,0.34
2020-11-23 14:30:00-05:00,7839,0.0,13.9,97.9,0.34
2020-11-23 15:30:00-05:00,7840,0.0,14.4,97.9,0.35
2020-11-23 16:30:00-05:00,7841,0.0,13.9,97.8,0.36
2020-11-23 17:30:00-05:00,7842,0.0,13.9,97.8,0.37
2020-11-23 18:30:00-05:00,7843,0.0,13.3,97.8,0.37
2020-11-23 19:30:00-05:00,7844,0.0,12.8,97.7,0.39
2020-11-23 20:30:00-05:00,7845,0.0,12.2,97.7,0.43
2020-11-23 21:30:00-05:00,7846,0.0,11.1,97.6,0.53
2020-11-23 22:30:00-05:00,7847,0.0,9.4,97.5,0.69
2020-11-23 23:30:00-05:00,7848,0.0,8.9,97.4,0.77
2020-11-24 00:30:00-05:00,7849,0.0,8.3,97.2,0.83
2020-11-24 01:30:00-05:00,7850,0.0,8.3,97.2,0.93
2020-11-24 02:30:00-05:00,7851,0.0,8.9,97.3,0.93
2020-11-24 03:30:00-05:00,7852,0.0,8.9,97.3,0.96
2020-11-24 04:30:00-05:00,7853,0.0,8.9,97.3,1.0
2020-11-24 05:30:00-05:00,7854,0.0,8.9,97.3,1.0
2020-11-24 06:30:00-05:00,7855,0.0,8.3,97.3,1.0
2020-11-24 07:30:00-05:00,7856,0.0,8.3,97.4,0.96
2020-11-24 08:30:00-05:00,7857,0.0,10.0,97.4,0.86
2020-11-24 09:30:00-05:00,7858,0.0,11.7,97.4,0.8
2020-11-24 10:30:00-05:00,7859,0.0,13.3,97.4,0.55
2020-11-24 11:30:00-05:00,7860,0.0,12.8,97.5,0.51
2020-11-24 12:30:00-05:00,7861,0.0,12.8,97.6,0.51
2020-11-24 13:30:00-05:00,7862,0.0,13.3,97.6,0.45
2020-11-24 14:30:00-05:00,7863,0.0,12.2,97.6,0.47
2020-11-24 15:30:00-05:00,7864,0.0,12.8,97.7,0.45
2020-11-24 16:30:00-05:00,7865,0.0,11.1,97.7,0.5
2020-11-24 17:30:00-05:00,7866,0.0,8.3,97.8,0.61
2020-11-24 18:30:00-05:00,7867,0.0,7.8,97.9,0.63
2020-11-24 19:30:00-05:00,7868,0.0,6.1,97.9,0.71
2020-11-24 20:30:00-05:00,7869,0.0,5.0,98.0,0.73
2020-11-24 21:30:00-05:00,7870,0.0,4.4,98.0,0.76
2020-11-24 22:30:00-05:00,7871,0.0,3.9,98.0,0.79
2020-11-24 23:30:00-05:00,7872,0.0,3.3,98.0,0.82
2020-11-25 00:30:00-05:00,7873,0.0,2.8,98.0,0.82
2020-11-25 01:30:00-05:00,7874,0.0,2.8,98.0,0.82
2020-11-25 02:30:00-05:00,7875,0.0,2.8,98.1,0.82
2020-11-25 03:30:00-05:00,7876,0.0,2.2,98.0,0.85
2020-11-25 04:30:00-05:00,7877,0.0,1.7,98.0,0.89
2020-11-25 05:30:00-05:00,7878,0.0,0.6,98.1,0.92
2020-11-25 06:30:00-05:00,7879,0.0,1.1,98.1,0.89
2020-11-25 07:30:00-05:00,7880,0.0,1.1,98.1,0.89
2020-11-25 08:30:00-05:00,7881,0.0,4.4,98.1,0.73
2020-11-25 09:30:00-05:00,7882,0.0,7.2,98.2,0.63
2020-11-25 10:30:00-05:00,7883,0.0,10.6,98.2,0.5
2020-11-25 11:30:00-05:00,7884,0.0,12.2,98.2,0.47
2020-11-25 12:30:00-05:00,7885,0.0,13.9,98.1,0.42
2020-11-25 13:30:00-05:00,7886,0.0,16.1,98.1,0.35
2020-11-25 14:30:00-05:00,7887,0.0,17.2,98.1,0.33
2020-11-25 15:30:00-05:00,7888,0.0,17.2,98.1,0.33
2020-11-25 16:30:00-05:00,7889,0.0,15.6,98.0,0.38
2020-11-25 17:30:00-05:00,7890,0.0,13.9,98.0,0.42
2020-11-25 18:30:00-05:00,7891,0.0,12.8,98.0,0.47
2020-11-25 19:30:00-05:00,7892,0.0,10.6,98.1,0.54
2020-11-25 20:30:00-05:00,7893,0.0,10.6,98.1,0.54
2020-11-25 21:30:00-05:00,7894,0.0,8.9,98.1,0.61
2020-11-25 22:30:00-05:00,7895,0.0,8.3,98.2,0.63
2020-11-25 23:30:00-05:00,7896,0.0,8.9,98.2,0.61
2020-11-26 00:30:00-05:00,7897,0.0,7.2,98.1,0.68
2020-11-26 01:30:00-05:00,7898,0.0,5.6,98.1,0.76
2020-11-26 02:30:00-05:00,7899,0.0,6.1,98.1,0.73
2020-11-26 03:30:00-05:00,7900,0.0,4.4,98.1,0.79
2020-11-26 04:30:00-05:00,7901,0.0,3.3,98.2,0.86
2020-11-26 05:30:00-05:00,7902,0.0,3.3,98.2,0.86
2020-11-26 06:30:00-05:00,7903,0.0,2.8,98.2,0.89
2020-11-26 07:30:00-05:00,7904,0.0,3.3,98.3,0.86
2020-11-26 08:30:00-05:00,7905,0.0,5.0,98.4,0.79
2020-11-26 09:30:00-05:00,7906,0.0,8.3,98.4,0.77
2020-11-26 10:30:00-05:00,7907,0.0,12.2,98.4,0.69
2020-11-26 11:30:00-05:00,7908,0.0,15.6,98.4,0.56
2020-11-26 12:30:00-05:00,7909,0.0,17.2,98.2,0.48
2020-11-26 13:30:00-05:00,7910,0.0,19.4,98.1,0.42
2020-11-26 14:30:00-05:00,7911,0.0,20.0,98.1,0.36
2020-11-26 15:30:00-05:00,7912,0.0,20.0,98.1,0.36
2020-11-26 16:30:00-05:00,7913,0.0,18.9,98.0,0.4
2020-11-26 17:30:00-05:00,7914,0.0,17.2,98.1,0.46
2020-11-26 18:30:00-05:00,7915,0.0,16.7,98.2,0.5
2020-11-26 19:30:00-05:00,7916,0.0,14.4,98.1,0.58
2020-11-26 20:30:00-05:00,7917,0.0,13.9,98.1,0.62
2020-11-26 21:30:00-05:00,7918,0.0,13.9,98.1,0.64
2020-11-26 22:30:00-05:00,7919,0.0,14.4,98.0,0.62
2020-11-26 23:30:00-05:00,7920,0.0,14.4,98.1,0.62
2020-11-27 00:30:00-05:00,7921,0.0,13.9,98.1,0.64
2020-11-27 01:30:00-05:00,7922,0.0,12.8,98.0,0.72
2020-11-27 02:30:00-05:00,7923,0.0,13.9,98.0,0.83
2020-11-27 03:30:00-05:00,7924,0.0,14.4,98.0,0.87
2020-11-27 04:30:00-05:00,7925,0.0,15.0,98.0,0.9
2020-11-27 05:30:00-05:00,7926,0.0,17.2,98.0,0.87
2020-11-27 06:30:00-05:00,7927,0.0,17.8,98.0,0.84
2020-11-27 07:30:00-05:00,7928,0.0,17.8,98.0,0.87
2020-11-27 08:30:00-05:00,7929,0.0,17.8,98.1,0.87
2020-11-27 09:30:00-05:00,7930,0.0,18.3,98.1,0.84
2020-11-27 10:30:00-05:00,7931,0.0,19.4,98.1,0.78
2020-11-27 11:30:00-05:00,7932,0.0,21.1,98.0,0.71
2020-11-27 12:30:00-05:00,7933,0.0,22.2,98.0,0.64
2020-11-27 13:30:00-05:00,7934,0.0,22.2,97.9,0.64
2020-11-27 14:30:00-05:00,7935,0.0,22.2,97.8,0.64
2020-11-27 15:30:00-05:00,7936,0.0,22.2,97.8,0.68
2020-11-27 16:30:00-05:00,7937,0.0,22.2,97.8,0.68
2020-11-27 17:30:00-05:00,7938,0.0,21.7,97.8,0.73
2020-11-27 18:30:00-05:00,7939,0.0,21.1,97.8,0.76
2020-11-27 19:30:00-05:00,7940,0.0,20.6,97.9,0.79
2020-11-27 20:30:00-05:00,7941,0.0,19.4,97.8,0.84
2020-11-27 21:30:00-05:00,7942,0.0,18.3,97.9,0.93
2020-11-27 22:30:00-05:00,7943,0.0,18.9,97.9,0.9
2020-11-27 23:30:00-05:00,7944,0.0,18.9,97.9,0.9
2020-11-28 00:30:00-05:00,7945,0.0,18.3,97.8,0.93
2020-11-28 01:30:00-05:00,7946,0.0,16.7,97.9,0.87
2020-11-28 02:30:00-05:00,7947,0.0,14.4,97.9,0.84
2020-11-28 03:30:00-05:00,7948,0.0,12.8,98.0,0.9
2020-11-28 04:30:00-05:00,7949,0.0,12.2,98.0,0.83
2020-11-28 05:30:00-05:00,7950,0.0,11.7,98.1,0.86
2020-11-28 06:30:00-05:00,7951,0.0,10.6,98.2,0.9
2020-11-28 07:30:00-05:00,7952,0.0,10.6,98.2,0.86
2020-11-28 08:30:00-05:00,7953,0.0,10.0,98.3,0.86
2020-11-28 09:30:00-05:00,7954,0.0,11.7,98.4,0.66
2020-11-28 10:30:00-05:00,7955,0.0,13.3,98.5,0.4
2020-11-28 11:30:00-05:00,7956,0.0,13.9,98.4,0.32
2020-11-28 12:30:00-05:00,7957,0.0,15.6,98.4,0.26
2020-11-28 13:30:00-05:00,7958,0.0,17.2,98.3,0.21
2020-11-28 14:30:00-05:00,7959,0.0,16.7,98.3,0.21
2020-11-28 15:30:00-05:00,7960,0.0,16.7,98.3,0.21
2020-11-28 16:30:00-05:00,7961,0.0,15.0,98.3,0.23
2020-11-28 17:30:00-05:00,7962,0.0,12.8,98.4,0.27
2020-11-28 18:30:00-05:00,7963,0.0,11.7,98.3,0.31
2020-11-28 19:30:00-05:00,7964,0.0,10.6,98.4,0.36
2020-11-28 20:30:00-05:00,7965,0.0,9.4,98.4,0.41
2020-11-28 21:30:00-05:00,7966,0.0,8.3,98.5,0.46
2020-11-28 22:30:00-05:00,7967,0.0,7.8,98.4,0.5
2020-11-28 23:30:00-05:00,7968,0.0,7.2,98.4,0.51
2020-11-29 00:30:00-05:00,7969,0.0,6.7,98.4,0.53
2020-11-29 01:30:00-05:00,7970,0.0,6.7,98.4,0.51
2020-11-29 02:30:00-05:00,7971,0.0,6.1,98.4,0.53
2020-11-29 03:30:00-05:00,7972,0.0,5.0,98.4,0.6
2020-11-29 04:30:00-05:00,7973,0.0,5.0,98.4,0.6
2020-11-29 05:30:00-05:00,7974,0.0,5.6,98.4,0.6
2020-11-29 06:30:00-05:00,7975,0.0,5.6,98.4,0.63
2020-11-29 07:30:00-05:00,7976,0.0,6.1,98.5,0.6
2020-11-29 08:30:00-05:00,7977,0.0,7.8,98.5,0.54
2020-11-29 09:30:00-05:00,7978,0.0,9.4,98.5,0.5
2020-11-29 10:30:00-05:00,7979,0.0,11.7,98.5,0.41
2020-11-29 11:30:00-05:00,7980,0.0,12.2,98.5,0.43
2020-11-29 12:30:00-05:00,7981,0.0,13.3,98.4,0.39
2020-11-29 13:30:00-05:00,7982,0.0,13.9,98.3,0.36
2020-11-29 14:30:00-05:00,7983,0.0,13.9,98.3,0.36
2020-11-29 15:30:00-05:00,7984,0.0,13.3,98.2,0.39
2020-11-29 16:30:00-05:00,7985,0.0,13.3,98.3,0.4
2020-11-29 17:30:00-05:00,7986,0.0,12.8,98.3,0.43
2020-11-29 18:30:00-05:00,7987,0.0,12.8,98.3,0.42
2020-11-29 19:30:00-05:00,7988,0.0,12.8,98.2,0.43
2020-11-29 20:30:00-05:00,7989,0.0,11.7,98.3,0.49
2020-11-29 21:30:00-05:00,7990,0.0,11.7,98.2,0.51
2020-11-29 22:30:00-05:00,7991,0.0,11.7,98.2,0.51
2020-11-29 23:30:00-05:00,7992,0.0,8.9,98.2,0.83
2020-11-30 00:30:00-05:00,7993,0.0,9.4,98.1,0.86
2020-11-30 01:30:00-05:00,7994,0.0,8.9,98.1,0.86
2020-11-30 02:30:00-05:00,7995,0.0,8.9,98.1,0.86
2020-11-30 03:30:00-05:00,7996,0.0,8.9,98.0,0.86
2020-11-30 04:30:00-05:00,7997,0.0,7.8,98.0,0.89
2020-11-30 05:30:00-05:00,7998,0.0,8.3,97.9,0.83
2020-11-30 06:30:00-05:00,7999,0.0,6.1,98.0,0.89
2020-11-30 07:30:00-05:00,8000,0.0,6.1,98.0,0.96
2020-11-30 08:30:00-05:00,8001,0.0,5.6,98.0,0.96
2020-11-30 09:30:00-05:00,8002,0.0,5.6,98.0,1.0
2020-11-30 10:30:00-05:00,8003,0.0,6.1,98.0,1.0
2020-11-30 11:30:00-05:00,8004,0.0,6.7,97.8,1.0
2020-11-30 12:30:00-05:00,8005,0.0,6.7,97.7,1.0
2020-11-30 13:30:00-05:00,8006,0.0,6.7,97.7,1.0
2020-11-30 14:30:00-05:00,8007,0.0,7.2,97.7,1.0
2020-11-30 15:30:00-05:00,8008,0.0,7.2,97.7,1.0
2020-11-30 16:30:00-05:00,8009,0.0,7.2,97.6,1.0
2020-11-30 17:30:00-05:00,8010,0.0,6.7,97.7,1.0
2020-11-30 18:30:00-05:00,8011,0.0,6.7,97.7,1.0
2020-11-30 19:30:00-05:00,8012,0.0,6.7,97.7,1.0
2020-11-30 20:30:00-05:00,8013,0.0,5.6,97.7,1.0
2020-11-30 21:30:00-05:00,8014,0.0,4.4,97.7,1.0
2020-11-30 22:30:00-05:00,8015,0.0,3.2,97.7,1.0
2020-11-30 23:30:00-05:00,8016,0.0,2.0,97.6,1.0
2020-12-01 00:30:00-05:00,8017,0.0,0.8,98.5,0.72
2020-12-01 01:30:00-05:00,8018,0.0,-0.3,98.6,0.72
2020-12-01 02:30:00-05:00,8019,0.0,-1.5,98.6,0.72
2020-12-01 03:30:00-05:00,8020,0.0,-2.8,98.5,0.69
2020-12-01 04:30:00-05:00,8021,0.0,-2.8,98.5,0.72
2020-12-01 05:30:00-05:00,8022,0.0,-3.9,98.6,0.81
2020-12-01 06:30:00-05:00,8023,0.0,-3.9,98.6,0.81
2020-12-01 07:30:00-05:00,8024,0.0,-3.3,98.6,0.78
2020-12-01 08:30:00-05:00,8025,0.0,-0.6,98.7,0.66
2020-12-01 09:30:00-05:00,8026,0.0,1.7,98.7,0.62
2020-12-01 10:30:00-05:00,8027,0.0,4.4,98.7,0.53
2020-12-01 11:30:00-05:00,8028,0.0,6.7,98.7,0.42
2020-12-01 12:30:00-05:00,8029,0.0,7.8,98.6,0.37
2020-12-01 13:30:00-05:00,8030,0.0,10.0,98.5,0.32
2020-12-01 14:30:00-05:00,8031,0.0,10.6,98.4,0.26
2020-12-01 15:30:00-05:00,8032,0.0,11.1,98.4,0.22
2020-12-01 16:30:00-05:00,8033,0.0,10.0,98.5,0.25
2020-12-01 17:30:00-05:00,8034,0.0,8.3,98.5,0.26
2020-12-01 18:30:00-05:00,8035,0.0,5.6,98.5,0.35
2020-12-01 19:30:00-05:00,8036,0.0,5.0,98.6,0.4
2020-12-01 20:30:00-05:00,8037,0.0,4.4,98.7,0.41
2020-12-01 21:30:00-05:00,8038,0.0,3.9,98.7,0.45
2020-12-01 22:30:00-05:00,8039,0.0,3.3,98.7,0.48
2020-12-01 23:30:00-05:00,8040,0.0,2.8,98.8,0.5
2020-12-02 00:30:00-05:00,8041,0.0,3.3,98.7,0.48
2020-12-02 01:30:00-05:00,8042,0.0,2.8,98.7,0.5
2020-12-02 02:30:00-05:00,8043,0.0,2.2,98.8,0.52
2020-12-02 03:30:00-05:00,8044,0.0,1.1,98.9,0.59
2020-12-02 04:30:00-05:00,8045,0.0,0.0,99.0,0.69
2020-12-02 05:30:00-05:00,8046,0.0,-1.1,99.0,0.66
2020-12-02 06:30:00-05:00,8047,0.0,-2.2,99.1,0.63
2020-12-02 07:30:00-05:00,8048,0.0,-2.8,99.1,0.63
2020-12-02 08:30:00-05:00,8049,0.0,-1.1,99.2,0.56
2020-12-02 09:30:00-05:00,8050,0.0,0.6,99.3,0.48
2020-12-02 10:30:00-05:00,8051,0.0,1.7,99.3,0.42
2020-12-02 11:30:00-05:00,8052,0.0,3.3,99.3,0.37
2020-12-02 12:30:00-05:00,8053,0.0,4.4,99.3,0.35
2020-12-02 13:30:00-05:00,8054,0.0,5.0,99.2,0.33
2020-12-02 14:30:00-05:00,8055,0.0,6.1,99.2,0.31
2020-12-02 15:30:00-05:00,8056,0.0,6.1,99.2,0.31
2020-12-02 16:30:00-05:00,8057,0.0,4.4,99.3,0.33
2020-12-02 17:30:00-05:00,8058,0.0,2.2,99.4,0.35
2020-12-02 18:30:00-05:00,8059,0.0,1.1,99.4,0.38
2020-12-02 19:30:00-05:00,8060,0.0,0.0,99.4,0.42
2020-12-02 20:30:00-05:00,8061,0.0,-0.6,99.5,0.45
2020-12-02 21:30:00-05:00,8062,0.0,-1.1,99.5,0.49
2020-12-02 22:30:00-05:00,8063,0.0,-1.1,99.6,0.49
2020-12-02 23:30:00-05:00,8064,0.0,0.0,99.6,0.42
2020-12-03 00:30:00-05:00,8065,0.0,0.0,99.6,0.43
2020-12-03 01:30:00-05:00,8066,0.0,-1.1,99.6,0.47
2020-12-03 02:30:00-05:00,8067,0.0,-1.7,99.5,0.49
2020-12-03 03:30:00-05:00,8068,0.0,-2.8,99.6,0.53
2020-12-03 04:30:00-05:00,8069,0.0,-3.3,99.6,0.55
2020-12-03 05:30:00-05:00,8070,0.0,-3.3,99.6,0.55
2020-12-03 06:30:00-05:00,8071,0.0,-3.3,99.6,0.55
2020-12-03 07:30:00-05:00,8072,0.0,-3.9,99.6,0.55
2020-12-03 08:30:00-05:00,8073,0.0,-1.1,99.7,0.43
2020-12-03 09:30:00-05:00,8074,0.0,0.0,99.8,0.4
2020-12-03 10:30:00-05:00,8075,0.0,1.7,99.9,0.37
2020-12-03 11:30:00-05:00,8076,0.0,3.3,99.8,0.34
2020-12-03 12:30:00-05:00,8077,0.0,5.0,99.7,0.3
2020-12-03 13:30:00-05:00,8078,0.0,6.1,99.6,0.27
2020-12-03 14:30:00-05:00,8079,0.0,6.1,99.4,0.26
2020-12-03 15:30:00-05:00,8080,0.0,6.7,99.4,0.25
2020-12-03 16:30:00-05:00,8081,0.0,5.6,99.4,0.27
2020-12-03 17:30:00-05:00,8082,0.0,4.4,99.4,0.29
2020-12-03 18:30:00-05:00,8083,0.0,3.3,99.4,0.31
2020-12-03 19:30:00-05:00,8084,0.0,2.8,99.4,0.33
2020-12-03 20:30:00-05:00,8085,0.0,2.8,99.4,0.34
2020-12-03 21:30:00-05:00,8086,0.0,1.7,99.3,0.37
2020-12-03 22:30:00-05:00,8087,0.0,1.7,99.4,0.38
2020-12-03 23:30:00-05:00,8088,0.0,1.7,99.3,0.38
2020-12-04 00:30:00-05:00,8089,0.0,0.6,99.2,0.44
2020-12-04 01:30:00-05:00,8090,0.0,-1.7,99.2,0.56
2020-12-04 02:30:00-05:00,8091,0.0,-2.8,99.1,0.66
2020-12-04 03:30:00-05:00,8092,0.0,-2.2,99.1,0.61
2020-12-04 04:30:00-05:00,8093,0.0,-2.8,99.1,0.63
2020-12-04 05:30:00-05:00,8094,0.0,-2.8,99.1,0.63
2020-12-04 06:30:00-05:00,8095,0.0,-3.3,99.1,0.66
2020-12-04 07:30:00-05:00,8096,0.0,-3.3,99.1,0.66
2020-12-04 08:30:00-05:00,8097,0.0,0.0,99.0,0.54
2020-12-04 09:30:00-05:00,8098,0.0,3.9,99.0,0.39
2020-12-04 10:30:00-05:00,8099,0.0,6.7,99.0,0.32
2020-12-04 11:30:00-05:00,8100,0.0,10.0,99.0,0.26
2020-12-04 12:30:00-05:00,8101,0.0,11.1,98.8,0.23
2020-12-04 13:30:00-05:00,8102,0.0,12.2,98.7,0.2
2020-12-04 14:30:00-05:00,8103,0.0,12.8,98.7,0.2
2020-12-04 15:30:00-05:00,8104,0.0,13.3,98.6,0.19
2020-12-04 16:30:00-05:00,8105,0.0,12.2,98.6,0.21
2020-12-04 17:30:00-05:00,8106,0.0,10.6,98.6,0.26
2020-12-04 18:30:00-05:00,8107,0.0,8.3,98.6,0.25
2020-12-04 19:30:00-05:00,8108,0.0,6.7,98.5,0.37
2020-12-04 20:30:00-05:00,8109,0.0,5.0,98.5,0.45
2020-12-04 21:30:00-05:00,8110,0.0,5.0,98.5,0.45
2020-12-04 22:30:00-05:00,8111,0.0,4.4,98.5,0.47
2020-12-04 23:30:00-05:00,8112,0.0,4.4,98.4,0.45
2020-12-05 00:30:00-05:00,8113,0.0,3.3,98.4,0.5
2020-12-05 01:30:00-05:00,8114,0.0,2.8,98.3,0.5
2020-12-05 02:30:00-05:00,8115,0.0,2.2,98.3,0.52
2020-12-05 03:30:00-05:00,8116,0.0,2.2,98.2,0.52
2020-12-05 04:30:00-05:00,8117,0.0,1.7,98.2,0.54
2020-12-05 05:30:00-05:00,8118,0.0,1.7,98.1,0.54
2020-12-05 06:30:00-05:00,8119,0.0,1.1,98.1,0.57
2020-12-05 07:30:00-05:00,8120,0.0,0.6,98.1,0.59
2020-12-05 08:30:00-05:00,8121,0.0,5.6,98.1,0.47
2020-12-05 09:30:00-05:00,8122,0.0,8.3,98.1,0.42
2020-12-05 10:30:00-05:00,8123,0.0,11.1,98.1,0.34
2020-12-05 11:30:00-05:00,8124,0.0,12.8,98.0,0.3
2020-12-05 12:30:00-05:00,8125,0.0,15.0,97.9,0.26
2020-12-05 13:30:00-05:00,8126,0.0,16.7,97.8,0.23
2020-12-05 14:30:00-05:00,8127,0.0,17.2,97.7,0.19
2020-12-05 15:30:00-05:00,8128,0.0,16.1,97.6,0.2
2020-12-05 16:30:00-05:00,8129,0.0,14.4,97.6,0.24
2020-12-05 17:30:00-05:00,8130,0.0,12.8,97.6,0.28
2020-12-05 18:30:00-05:00,8131,0.0,11.7,97.6,0.29
2020-12-05 19:30:00-05:00,8132,0.0,11.7,97.6,0.3
2020-12-05 20:30:00-05:00,8133,0.0,11.1,97.6,0.31
2020-12-05 21:30:00-05:00,8134,0.0,10.0,97.6,0.36
2020-12-05 22:30:00-05:00,8135,0.0,9.4,97.5,0.41
2020-12-05 23:30:00-05:00,8136,0.0,10.0,97.5,0.41
2020-12-06 00:30:00-05:00,8137,0.0,10.6,97.5,0.38
2020-12-06 01:30:00-05:00,8138,0.0,10.0,97.5,0.44
2020-12-06 02:30:00-05:00,8139,0.0,8.9,97.4,0.52
2020-12-06 03:30:00-05:00,8140,0.0,8.9,97.4,0.66
2020-12-06 04:30:00-05:00,8141,0.0,8.3,97.3,0.83
2020-12-06 05:30:00-05:00,8142,0.0,8.3,97.3,0.83
2020-12-06 06:30:00-05:00,8143,0.0,8.9,97.3,1.0
2020-12-06 07:30:00-05:00,8144,0.0,8.9,97.3,1.0
2020-12-06 08:30:00-05:00,8145,0.0,10.0,97.2,1.0
2020-12-06 09:30:00-05:00,8146,0.0,11.1,97.2,0.96
2020-12-06 10:30:00-05:00,8147,0.0,11.1,97.2,0.96
2020-12-06 11:30:00-05:00,8148,0.0,12.2,97.0,0.93
2020-12-06 12:30:00-05:00,8149,0.0,12.8,96.9,0.96
2020-12-06 13:30:00-05:00,8150,0.0,12.8,96.8,1.0
2020-12-06 14:30:00-05:00,8151,0.0,13.3,96.9,0.96
2020-12-06 15:30:00-05:00,8152,0.0,13.3,96.9,1.0
2020-12-06 16:30:00-05:00,8153,0.0,13.3,96.9,1.0
2020-12-06 17:30:00-05:00,8154,0.0,13.3,96.9,1.0
2020-12-06 18:30:00-05:00,8155,0.0,13.9,96.9,1.0
2020-12-06 19:30:00-05:00,8156,0.0,12.8,97.0,1.0
2020-12-06 20:30:00-05:00,8157,0.0,12.8,97.0,1.0
2020-12-06 21:30:00-05:00,8158,0.0,12.8,97.1,0.96
2020-12-06 22:30:00-05:00,8159,0.0,11.7,97.1,1.0
2020-12-06 23:30:00-05:00,8160,0.0,11.1,97.2,0.93
2020-12-07 00:30:00-05:00,8161,0.0,9.4,97.3,0.89
2020-12-07 01:30:00-05:00,8162,0.0,7.8,97.3,0.89
2020-12-07 02:30:00-05:00,8163,0.0,6.7,97.3,0.93
2020-12-07 03:30:00-05:00,8164,0.0,5.6,97.4,0.96
2020-12-07 04:30:00-05:00,8165,0.0,5.0,97.4,0.96
2020-12-07 05:30:00-05:00,8166,0.0,3.9,97.5,0.96
2020-12-07 06:30:00-05:00,8167,0.0,2.8,97.6,1.0
2020-12-07 07:30:00-05:00,8168,0.0,1.7,97.7,0.96
2020-12-07 08:30:00-05:00,8169,0.0,2.8,97.8,0.92
2020-12-07 09:30:00-05:00,8170,0.0,6.7,97.9,0.76
2020-12-07 10:30:00-05:00,8171,0.0,8.9,97.9,0.56
2020-12-07 11:30:00-05:00,8172,0.0,11.7,97.9,0.41
2020-12-07 12:30:00-05:00,8173,0.0,12.8,97.9,0.33
2020-12-07 13:30:00-05:00,8174,0.0,13.9,97.8,0.28
2020-12-07 14:30:00-05:00,8175,0.0,15.0,97.8,0.26
2020-12-07 15:30:00-05:00,8176,0.0,15.0,97.9,0.27
2020-12-07 16:30:00-05:00,8177,0.0,14.4,98.0,0.29
2020-12-07 17:30:00-05:00,8178,0.0,12.2,98.0,0.35
2020-12-07 18:30:00-05:00,8179,0.0,11.1,98.1,0.37
2020-12-07 19:30:00-05:00,8180,0.0,10.0,98.2,0.41
2020-12-07 20:30:00-05:00,8181,0.0,8.3,98.2,0.5
2020-12-07 21:30:00-05:00,8182,0.0,7.8,98.3,0.52
2020-12-07 22:30:00-05:00,8183,0.0,6.7,98.4,0.58
2020-12-07 23:30:00-05:00,8184,0.0,6.1,98.4,0.6
2020-12-08 00:30:00-05:00,8185,0.0,5.6,98.4,0.63
2020-12-08 01:30:00-05:00,8186,0.0,5.6,98.4,0.63
2020-12-08 02:30:00-05:00,8187,0.0,6.1,98.4,0.58
2020-12-08 03:30:00-05:00,8188,0.0,6.1,98.5,0.58
2020-12-08 04:30:00-05:00,8189,0.0,5.0,98.5,0.62
2020-12-08 05:30:00-05:00,8190,0.0,5.6,98.7,0.6
2020-12-08 06:30:00-05:00,8191,0.0,5.0,98.7,0.62
2020-12-08 07:30:00-05:00,8192,0.0,4.4,98.8,0.62
2020-12-08 08:30:00-05:00,8193,0.0,6.7,98.9,0.51
2020-12-08 09:30:00-05:00,8194,0.0,8.3,98.9,0.48
2020-12-08 10:30:00-05:00,8195,0.0,10.0,99.0,0.44
2020-12-08 11:30:00-05:00,8196,0.0,11.7,99.0,0.37
2020-12-08 12:30:00-05:00,8197,0.0,11.7,98.9,0.35
2020-12-08 13:30:00-05:00,8198,0.0,12.8,98.9,0.3
2020-12-08 14:30:00-05:00,8199,0.0,12.8,98.9,0.29
2020-12-08 15:30:00-05:00,8200,0.0,12.8,98.9,0.29
2020-12-08 16:30:00-05:00,8201,0.0,11.1,98.9,0.34
2020-12-08 17:30:00-05:00,8202,0.0,8.3,99.0,0.37
2020-12-08 18:30:00-05:00,8203,0.0,7.2,99.0,0.37
2020-12-08 19:30:00-05:00,8204,0.0,6.1,99.1,0.4
2020-12-08 20:30:00-05:00,8205,0.0,5.6,99.1,0.41
2020-12-08 21:30:00-05:00,8206,0.0,4.4,99.1,0.45
2020-12-08 22:30:00-05:00,8207,0.0,3.3,99.1,0.48
2020-12-08 23:30:00-05:00,8208,0.0,2.2,99.1,0.52
2020-12-09 00:30:00-05:00,8209,0.0,1.7,99.1,0.54
2020-12-09 01:30:00-05:00,8210,0.0,1.1,99.1,0.57
2020-12-09 02:30:00-05:00,8211,0.0,0.6,99.2,0.59
2020-12-09 03:30:00-05:00,8212,0.0,0.6,99.2,0.59
2020-12-09 04:30:00-05:00,8213,0.0,0.6,99.2,0.61
2020-12-09 05:30:00-05:00,8214,0.0,2.2,99.2,0.55
2020-12-09 06:30:00-05:00,8215,0.0,2.2,99.3,0.52
2020-12-09 07:30:00-05:00,8216,0.0,1.7,99.3,0.54
2020-12-09 08:30:00-05:00,8217,0.0,3.3,99.4,0.46
2020-12-09 09:30:00-05:00,8218,0.0,5.6,99.5,0.4
2020-12-09 10:30:00-05:00,8219,0.0,7.2,99.5,0.35
2020-12-09 11:30:00-05:00,8220,0.0,9.4,99.4,0.3
2020-12-09 12:30:00-05:00,8221,0.0,10.6,99.3,0.27
2020-12-09 13:30:00-05:00,8222,0.0,12.2,99.2,0.26
2020-12-09 14:30:00-05:00,8223,0.0,13.3,99.2,0.28
2020-12-09 15:30:00-05:00,8224,0.0,14.4,99.2,0.27
2020-12-09 16:30:00-05:00,8225,0.0,12.8,99.2,0.31
2020-12-09 17:30:00-05:00,8226,0.0,11.7,99.2,0.35
2020-12-09 18:30:00-05:00,8227,0.0,10.6,99.1,0.39
2020-12-09 19:30:00-05:00,8228,0.0,10.0,99.1,0.41
2020-12-09 20:30:00-05:00,8229,0.0,8.3,99.1,0.46
2020-12-09 21:30:00-05:00,8230,0.0,6.7,99.1,0.51
2020-12-09 22:30:00-05:00,8231,0.0,6.7,99.2,0.51
2020-12-09 23:30:00-05:00,8232,0.0,6.1,99.1,0.53
2020-12-10 00:30:00-05:00,8233,0.0,5.6,99.0,0.55
2020-12-10 01:30:00-05:00,8234,0.0,4.4,99.0,0.59
2020-12-10 02:30:00-05:00,8235,0.0,3.9,99.0,0.62
2020-12-10 03:30:00-05:00,8236,0.0,3.3,99.0,0.65
2020-12-10 04:30:00-05:00,8237,0.0,2.2,99.0,0.7
2020-12-10 05:30:00-05:00,8238,0.0,2.8,99.0,0.67
2020-12-10 06:30:00-05:00,8239,0.0,2.2,99.0,0.7
2020-12-10 07:30:00-05:00,8240,0.0,1.7,99.0,0.73
2020-12-10 08:30:00-05:00,8241,0.0,7.8,99.1,0.46
2020-12-10 09:30:00-05:00,8242,0.0,11.1,99.1,0.4
2020-12-10 10:30:00-05:00,8243,0.0,12.2,99.1,0.38
2020-12-10 11:30:00-05:00,8244,0.0,13.3,99.0,0.37
2020-12-10 12:30:00-05:00,8245,0.0,15.6,98.9,0.31
2020-12-10 13:30:00-05:00,8246,0.0,16.7,98.8,0.26
2020-12-10 14:30:00-05:00,8247,0.0,18.3,98.8,0.24
2020-12-10 15:30:00-05:00,8248,0.0,18.9,98.7,0.26
2020-12-10 16:30:00-05:00,8249,0.0,17.2,98.7,0.29
2020-12-10 17:30:00-05:00,8250,0.0,16.7,98.7,0.29
2020-12-10 18:30:00-05:00,8251,0.0,15.0,98.7,0.32
2020-12-10 19:30:00-05:00,8252,0.0,13.3,98.7,0.37
2020-12-10 20:30:00-05:00,8253,0.0,12.2,98.7,0.42
2020-12-10 21:30:00-05:00,8254,0.0,10.6,98.8,0.5
2020-12-10 22:30:00-05:00,8255,0.0,9.4,98.8,0.61
2020-12-10 23:30:00-05:00,8256,0.0,9.4,98.8,0.77
2020-12-11 00:30:00-05:00,8257,0.0,8.3,98.8,0.77
2020-12-11 01:30:00-05:00,8258,0.0,7.8,98.8,0.86
2020-12-11 02:30:00-05:00,8259,0.0,7.8,98.7,0.89
2020-12-11 03:30:00-05:00,8260,0.0,7.2,98.7,0.89
2020-12-11 04:30:00-05:00,8261,0.0,6.7,98.7,0.89
2020-12-11 05:30:00-05:00,8262,0.0,5.6,98.7,0.93
2020-12-11 06:30:00-05:00,8263,0.0,5.6,98.8,0.93
2020-12-11 07:30:00-05:00,8264,0.0,6.1,98.8,0.93
2020-12-11 08:30:00-05:00,8265,0.0,7.8,98.9,0.93
2020-12-11 09:30:00-05:00,8266,0.0,11.7,99.0,0.77
2020-12-11 10:30:00-05:00,8267,0.0,15.0,98.9,0.72
2020-12-11 11:30:00-05:00,8268,0.0,17.8,98.9,0.68
2020-12-11 12:30:00-05:00,8269,0.0,20.0,98.8,0.63
2020-12-11 13:30:00-05:00,8270,0.0,21.1,98.7,0.59
2020-12-11 14:30:00-05:00,8271,0.0,21.1,98.7,0.49
2020-12-11 15:30:00-05:00,8272,0.0,21.1,98.7,0.59
2020-12-11 16:30:00-05:00,8273,0.0,20.6,98.7,0.61
2020-12-11 17:30:00-05:00,8274,0.0,18.9,98.7,0.68
2020-12-11 18:30:00-05:00,8275,0.0,16.7,98.7,0.78
2020-12-11 19:30:00-05:00,8276,0.0,17.2,98.7,0.75
2020-12-11 20:30:00-05:00,8277,0.0,16.7,98.8,0.78
2020-12-11 21:30:00-05:00,8278,0.0,15.6,98.8,0.84
2020-12-11 22:30:00-05:00,8279,0.0,15.6,98.8,0.84
2020-12-11 23:30:00-05:00,8280,0.0,15.6,98.8,0.84
2020-12-12 00:30:00-05:00,8281,0.0,13.9,98.8,0.93
2020-12-12 01:30:00-05:00,8282,0.0,14.4,98.8,0.9
2020-12-12 02:30:00-05:00,8283,0.0,13.9,98.8,0.93
2020-12-12 03:30:00-05:00,8284,0.0,13.3,98.8,0.96
2020-12-12 04:30:00-05:00,8285,0.0,12.8,98.9,1.0
2020-12-12 05:30:00-05:00,8286,0.0,12.8,98.9,1.0
2020-12-12 06:30:00-05:00,8287,0.0,12.2,98.8,1.0
2020-12-12 07:30:00-05:00,8288,0.0,12.2,98.8,1.0
2020-12-12 08:30:00-05:00,8289,0.0,12.2,98.8,1.0
2020-12-12 09:30:00-05:00,8290,0.0,13.9,98.9,0.96
2020-12-12 10:30:00-05:00,8291,0.0,18.3,98.9,0.75
2020-12-12 11:30:00-05:00,8292,0.0,20.6,98.8,0.66
2020-12-12 12:30:00-05:00,8293,0.0,21.1,98.7,0.64
2020-12-12 13:30:00-05:00,8294,0.0,22.8,98.6,0.57
2020-12-12 14:30:00-05:00,8295,0.0,22.8,98.5,0.51
2020-12-12 15:30:00-05:00,8296,0.0,22.2,98.5,0.53
2020-12-12 16:30:00-05:00,8297,0.0,21.7,98.5,0.57
2020-12-12 17:30:00-05:00,8298,0.0,20.0,98.4,0.63
2020-12-12 18:30:00-05:00,8299,0.0,19.4,98.5,0.66
2020-12-12 19:30:00-05:00,8300,0.0,19.4,98.5,0.63
2020-12-12 20:30:00-05:00,8301,0.0,18.3,98.6,0.68
2020-12-12 21:30:00-05:00,8302,0.0,18.3,98.5,0.68
2020-12-12 22:30:00-05:00,8303,0.0,18.3,98.5,0.7
2020-12-12 23:30:00-05:00,8304,0.0,17.8,98.5,0.73
2020-12-13 00:30:00-05:00,8305,0.0,16.7,98.4,0.78
2020-12-13 01:30:00-05:00,8306,0.0,16.1,98.3,0.81
2020-12-13 02:30:00-05:00,8307,0.0,16.7,98.3,0.81
2020-12-13 03:30:00-05:00,8308,0.0,17.2,98.3,0.81
2020-12-13 04:30:00-05:00,8309,0.0,17.2,98.2,0.84
2020-12-13 05:30:00-05:00,8310,0.0,16.7,98.2,0.9
2020-12-13 06:30:00-05:00,8311,0.0,16.7,98.2,0.9
2020-12-13 07:30:00-05:00,8312,0.0,16.7,98.2,0.9
2020-12-13 08:30:00-05:00,8313,0.0,17.2,98.3,0.9
2020-12-13 09:30:00-05:00,8314,0.0,18.3,98.3,0.87
2020-12-13 10:30:00-05:00,8315,0.0,19.4,98.3,0.84
2020-12-13 11:30:00-05:00,8316,0.0,20.0,98.3,0.78
2020-12-13 12:30:00-05:00,8317,0.0,20.6,98.2,0.73
2020-12-13 13:30:00-05:00,8318,0.0,18.3,98.2,0.87
2020-12-13 14:30:00-05:00,8319,0.0,18.3,98.2,0.87
2020-12-13 15:30:00-05:00,8320,0.0,17.2,98.3,0.97
2020-12-13 16:30:00-05:00,8321,0.0,16.7,98.2,1.0
2020-12-13 17:30:00-05:00,8322,0.0,16.1,98.2,1.0
2020-12-13 18:30:00-05:00,8323,0.0,16.1,98.2,1.0
2020-12-13 19:30:00-05:00,8324,0.0,16.1,98.3,0.97
2020-12-13 20:30:00-05:00,8325,0.0,13.9,98.4,0.96
2020-12-13 21:30:00-05:00,8326,0.0,13.3,98.4,0.96
2020-12-13 22:30:00-05:00,8327,0.0,12.8,98.5,0.96
2020-12-13 23:30:00-05:00,8328,0.0,11.7,98.4,0.96
2020-12-14 00:30:00-05:00,8329,0.0,11.1,98.4,0.9
2020-12-14 01:30:00-05:00,8330,0.0,8.9,98.3,0.93
2020-12-14 02:30:00-05:00,8331,0.0,8.3,98.4,0.93
2020-12-14 03:30:00-05:00,8332,0.0,7.8,98.4,0.93
2020-12-14 04:30:00-05:00,8333,0.0,7.2,98.4,0.93
2020-12-14 05:30:00-05:00,8334,0.0,6.7,98.5,0.83
2020-12-14 06:30:00-05:00,8335,0.0,6.1,98.5,0.83
2020-12-14 07:30:00-05:00,8336,0.0,5.6,98.6,0.86
2020-12-14 08:30:00-05:00,8337,0.0,6.1,98.7,0.83
2020-12-14 09:30:00-05:00,8338,0.0,6.7,98.8,0.8
2020-12-14 10:30:00-05:00,8339,0.0,10.6,98.8,0.64
2020-12-14 11:30:00-05:00,8340,0.0,12.2,98.7,0.59
2020-12-14 12:30:00-05:00,8341,0.0,13.9,98.7,0.6
2020-12-14 13:30:00-05:00,8342,0.0,14.4,98.6,0.58
2020-12-14 14:30:00-05:00,8343,0.0,15.0,98.6,0.58
2020-12-14 15:30:00-05:00,8344,0.0,15.0,98.6,0.6
2020-12-14 16:30:00-05:00,8345,0.0,13.9,98.7,0.64
2020-12-14 17:30:00-05:00,8346,0.0,13.9,98.7,0.64
2020-12-14 18:30:00-05:00,8347,0.0,10.6,98.7,0.71
2020-12-14 19:30:00-05:00,8348,0.0,8.9,98.8,0.74
2020-12-14 20:30:00-05:00,8349,0.0,7.2,98.8,0.8
2020-12-14 21:30:00-05:00,8350,0.0,10.0,98.8,0.54
2020-12-14 22:30:00-05:00,8351,0.0,9.4,98.8,0.54
2020-12-14 23:30:00-05:00,8352,0.0,8.3,98.8,0.61
2020-12-15 00:30:00-05:00,8353,0.0,6.7,98.8,0.6
2020-12-15 01:30:00-05:00,8354,0.0,6.7,98.8,0.6
2020-12-15 02:30:00-05:00,8355,0.0,5.0,98.8,0.62
2020-12-15 03:30:00-05:00,8356,0.0,4.4,98.8,0.62
2020-12-15 04:30:00-05:00,8357,0.0,4.4,98.9,0.62
2020-12-15 05:30:00-05:00,8358,0.0,3.9,98.8,0.62
2020-12-15 06:30:00-05:00,8359,0.0,3.3,98.9,0.65
2020-12-15 07:30:00-05:00,8360,0.0,2.8,98.9,0.7
2020-12-15 08:30:00-05:00,8361,0.0,3.3,99.0,0.73
2020-12-15 09:30:00-05:00,8362,0.0,6.1,99.0,0.63
2020-12-15 10:30:00-05:00,8363,0.0,8.3,99.0,0.52
2020-12-15 11:30:00-05:00,8364,0.0,9.4,98.9,0.46
2020-12-15 12:30:00-05:00,8365,0.0,10.0,98.8,0.44
2020-12-15 13:30:00-05:00,8366,0.0,10.6,98.7,0.38
2020-12-15 14:30:00-05:00,8367,0.0,10.0,98.7,0.38
2020-12-15 15:30:00-05:00,8368,0.0,9.4,98.6,0.41
2020-12-15 16:30:00-05:00,8369,0.0,10.0,98.6,0.39
2020-12-15 17:30:00-05:00,8370,0.0,8.9,98.5,0.42
2020-12-15 18:30:00-05:00,8371,0.0,7.8,98.5,0.48
2020-12-15 19:30:00-05:00,8372,0.0,7.2,98.6,0.49
2020-12-15 20:30:00-05:00,8373,0.0,7.2,98.6,0.56
2020-12-15 21:30:00-05:00,8374,0.0,5.6,98.6,0.76
2020-12-15 22:30:00-05:00,8375,0.0,5.0,98.6,0.86
2020-12-15 23:30:00-05:00,8376,0.0,5.0,98.5,0.86
2020-12-16 00:30:00-05:00,8377,0.0,5.0,98.5,0.86
2020-12-16 01:30:00-05:00,8378,0.0,5.0,98.4,0.86
2020-12-16 02:30:00-05:00,8379,0.0,5.0,98.4,0.86
2020-12-16 03:30:00-05:00,8380,0.0,5.0,98.4,0.86
2020-12-16 04:30:00-05:00,8381,0.0,5.0,98.3,0.82
2020-12-16 05:30:00-05:00,8382,0.0,5.0,98.2,0.79
2020-12-16 06:30:00-05:00,8383,0.0,5.0,98.3,0.79
2020-12-16 07:30:00-05:00,8384,0.0,5.0,98.4,0.82
2020-12-16 08:30:00-05:00,8385,0.0,5.0,98.4,0.86
2020-12-16 09:30:00-05:00,8386,0.0,6.1,98.4,0.83
2020-12-16 10:30:00-05:00,8387,0.0,7.8,98.3,0.77
2020-12-16 11:30:00-05:00,8388,0.0,10.6,98.3,0.66
2020-12-16 12:30:00-05:00,8389,0.0,11.7,98.1,0.64
2020-12-16 13:30:00-05:00,8390,0.0,14.4,98.1,0.6
2020-12-16 14:30:00-05:00,8391,0.0,14.4,98.1,0.62
2020-12-16 15:30:00-05:00,8392,0.0,13.3,98.1,0.69
2020-12-16 16:30:00-05:00,8393,0.0,11.1,98.2,0.77
2020-12-16 17:30:00-05:00,8394,0.0,10.6,98.2,0.8
2020-12-16 18:30:00-05:00,8395,0.0,10.0,98.2,0.83
2020-12-16 19:30:00-05:00,8396,0.0,8.9,98.3,0.86
2020-12-16 20:30:00-05:00,8397,0.0,7.8,98.2,0.93
2020-12-16 21:30:00-05:00,8398,0.0,7.2,98.2,0.96
2020-12-16 22:30:00-05:00,8399,0.0,7.2,98.3,0.86
2020-12-16 23:30:00-05:00,8400,0.0,6.7,98.3,0.8
2020-12-17 00:30:00-05:00,8401,0.0,5.0,98.3,0.76
2020-12-17 01:30:00-05:00,8402,0.0,3.9,98.3,0.76
2020-12-17 02:30:00-05:00,8403,0.0,1.7,98.4,0.76
2020-12-17 03:30:00-05:00,8404,0.0,0.6,98.5,0.75
2020-12-17 04:30:00-05:00,8405,0.0,0.0,98.6,0.75
2020-12-17 05:30:00-05:00,8406,0.0,-1.1,98.6,0.69
2020-12-17 06:30:00-05:00,8407,0.0,-1.7,98.8,0.66
2020-12-17 07:30:00-05:00,8408,0.0,-2.2,98.8,0.66
2020-12-17 08:30:00-05:00,8409,0.0,-1.7,99.0,0.61
2020-12-17 09:30:00-05:00,8410,0.0,-0.6,99.1,0.54
2020-12-17 10:30:00-05:00,8411,0.0,1.1,99.2,0.48
2020-12-17 11:30:00-05:00,8412,0.0,1.7,99.1,0.46
2020-12-17 12:30:00-05:00,8413,0.0,3.3,99.1,0.41
2020-12-17 13:30:00-05:00,8414,0.0,3.9,99.0,0.38
2020-12-17 14:30:00-05:00,8415,0.0,4.4,99.0,0.33
2020-12-17 15:30:00-05:00,8416,0.0,4.4,99.0,0.32
2020-12-17 16:30:00-05:00,8417,0.0,3.3,99.0,0.33
2020-12-17 17:30:00-05:00,8418,0.0,1.1,99.0,0.38
2020-12-17 18:30:00-05:00,8419,0.0,0.0,99.0,0.4
2020-12-17 19:30:00-05:00,8420,0.0,-1.1,99.0,0.43
2020-12-17 20:30:00-05:00,8421,0.0,-1.1,99.0,0.43
2020-12-17 21:30:00-05:00,8422,0.0,-1.7,99.0,0.45
2020-12-17 22:30:00-05:00,8423,0.0,-1.7,99.1,0.45
2020-12-17 23:30:00-05:00,8424,0.0,-2.2,99.2,0.49
2020-12-18 00:30:00-05:00,8425,0.0,-3.3,99.1,0.51
2020-12-18 01:30:00-05:00,8426,0.0,-3.9,99.1,0.53
2020-12-18 02:30:00-05:00,8427,0.0,-3.9,99.1,0.53
2020-12-18 03:30:00-05:00,8428,0.0,-3.9,99.0,0.53
2020-12-18 04:30:00-05:00,8429,0.0,-5.0,99.0,0.6
2020-12-18 05:30:00-05:00,8430,0.0,-5.0,99.0,0.63
2020-12-18 06:30:00-05:00,8431,0.0,-5.0,99.1,0.6
2020-12-18 07:30:00-05:00,8432,0.0,-5.6,99.1,0.62
2020-12-18 08:30:00-05:00,8433,0.0,-2.2,99.1,0.53
2020-12-18 09:30:00-05:00,8434,0.0,0.6,99.1,0.45
2020-12-18 10:30:00-05:00,8435,0.0,3.3,99.1,0.39
2020-12-18 11:30:00-05:00,8436,0.0,4.4,99.0,0.33
2020-12-18 12:30:00-05:00,8437,0.0,6.7,98.9,0.28
2020-12-18 13:30:00-05:00,8438,0.0,7.8,98.8,0.25
2020-12-18 14:30:00-05:00,8439,0.0,10.0,98.8,0.22
2020-12-18 15:30:00-05:00,8440,0.0,10.0,98.7,0.22
2020-12-18 16:30:00-05:00,8441,0.0,10.0,98.7,0.21
2020-12-18 17:30:00-05:00,8442,0.0,7.8,98.7,0.23
2020-12-18 18:30:00-05:00,8443,0.0,6.7,98.6,0.28
2020-12-18 19:30:00-05:00,8444,0.0,5.6,98.7,0.31
2020-12-18 20:30:00-05:00,8445,0.0,4.4,98.6,0.35
2020-12-18 21:30:00-05:00,8446,0.0,3.3,98.6,0.39
2020-12-18 22:30:00-05:00,8447,0.0,2.2,98.6,0.44
2020-12-18 23:30:00-05:00,8448,0.0,2.2,98.6,0.44
2020-12-19 00:30:00-05:00,8449,0.0,1.7,98.5,0.46
2020-12-19 01:30:00-05:00,8450,0.0,1.1,98.5,0.48
2020-12-19 02:30:00-05:00,8451,0.0,0.6,98.5,0.48
2020-12-19 03:30:00-05:00,8452,0.0,0.0,98.4,0.52
2020-12-19 04:30:00-05:00,8453,0.0,0.0,98.4,0.52
2020-12-19 05:30:00-05:00,8454,0.0,0.0,98.4,0.52
2020-12-19 06:30:00-05:00,8455,0.0,0.0,98.5,0.52
2020-12-19 07:30:00-05:00,8456,0.0,-0.6,98.5,0.54
2020-12-19 08:30:00-05:00,8457,0.0,2.2,98.5,0.46
2020-12-19 09:30:00-05:00,8458,0.0,4.4,98.5,0.39
2020-12-19 10:30:00-05:00,8459,0.0,7.2,98.5,0.35
2020-12-19 11:30:00-05:00,8460,0.0,10.0,98.4,0.28
2020-12-19 12:30:00-05:00,8461,0.0,11.7,98.3,0.24
2020-12-19 13:30:00-05:00,8462,0.0,13.9,98.2,0.2
2020-12-19 14:30:00-05:00,8463,0.0,13.9,98.2,0.18
2020-12-19 15:30:00-05:00,8464,0.0,14.4,98.2,0.18
2020-12-19 16:30:00-05:00,8465,0.0,13.9,98.2,0.21
2020-12-19 17:30:00-05:00,8466,0.0,12.2,98.2,0.24
2020-12-19 18:30:00-05:00,8467,0.0,9.4,98.2,0.35
2020-12-19 19:30:00-05:00,8468,0.0,8.3,98.2,0.41
2020-12-19 20:30:00-05:00,8469,0.0,6.1,98.2,0.49
2020-12-19 21:30:00-05:00,8470,0.0,5.6,98.2,0.51
2020-12-19 22:30:00-05:00,8471,0.0,5.6,98.3,0.51
2020-12-19 23:30:00-05:00,8472,0.0,5.6,98.3,0.53
2020-12-20 00:30:00-05:00,8473,0.0,4.4,98.3,0.57
2020-12-20 01:30:00-05:00,8474,0.0,3.9,98.3,0.6
2020-12-20 02:30:00-05:00,8475,0.0,3.9,98.3,0.6
2020-12-20 03:30:00-05:00,8476,0.0,3.3,98.3,0.62
2020-12-20 04:30:00-05:00,8477,0.0,2.8,98.3,0.65
2020-12-20 05:30:00-05:00,8478,0.0,2.8,98.4,0.65
2020-12-20 06:30:00-05:00,8479,0.0,2.8,98.4,0.65
2020-12-20 07:30:00-05:00,8480,0.0,3.3,98.5,0.62
2020-12-20 08:30:00-05:00,8481,0.0,6.7,98.6,0.53
2020-12-20 09:30:00-05:00,8482,0.0,10.0,98.7,0.44
2020-12-20 10:30:00-05:00,8483,0.0,11.1,98.7,0.37
2020-12-20 11:30:00-05:00,8484,0.0,11.1,98.7,0.35
2020-12-20 12:30:00-05:00,8485,0.0,13.9,98.6,0.29
2020-12-20 13:30:00-05:00,8486,0.0,14.4,98.5,0.27
2020-12-20 14:30:00-05:00,8487,0.0,15.0,98.5,0.26
2020-12-20 15:30:00-05:00,8488,0.0,15.0,98.5,0.26
2020-12-20 16:30:00-05:00,8489,0.0,13.9,98.6,0.29
2020-12-20 17:30:00-05:00,8490,0.0,11.7,98.7,0.34
2020-12-20 18:30:00-05:00,8491,0.0,10.6,98.7,0.36
2020-12-20 19:30:00-05:00,8492,0.0,10.6,98.8,0.36
2020-12-20 20:30:00-05:00,8493,0.0,9.4,98.8,0.39
2020-12-20 21:30:00-05:00,8494,0.0,8.3,98.8,0.42
2020-12-20 22:30:00-05:00,8495,0.0,7.2,98.9,0.47
2020-12-20 23:30:00-05:00,8496,0.0,6.7,98.9,0.49
2020-12-21 00:30:00-05:00,8497,0.0,5.6,98.9,0.53
2020-12-21 01:30:00-05:00,8498,0.0,5.0,98.9,0.55
2020-12-21 02:30:00-05:00,8499,0.0,3.9,98.9,0.6
2020-12-21 03:30:00-05:00,8500,0.0,2.8,98.9,0.65
2020-12-21 04:30:00-05:00,8501,0.0,1.7,98.9,0.76
2020-12-21 05:30:00-05:00,8502,0.0,1.1,99.0,0.82
2020-12-21 06:30:00-05:00,8503,0.0,1.7,99.0,0.82
2020-12-21 07:30:00-05:00,8504,0.0,1.7,99.0,0.85
2020-12-21 08:30:00-05:00,8505,0.0,2.2,99.0,0.82
2020-12-21 09:30:00-05:00,8506,0.0,2.8,99.1,0.82
2020-12-21 10:30:00-05:00,8507,0.0,4.4,99.1,0.73
2020-12-21 11:30:00-05:00,8508,0.0,5.0,99.0,0.7
2020-12-21 12:30:00-05:00,8509,0.0,5.6,99.0,0.68
2020-12-21 13:30:00-05:00,8510,0.0,6.1,98.9,0.68
2020-12-21 14:30:00-05:00,8511,0.0,6.7,98.8,0.68
2020-12-21 15:30:00-05:00,8512,0.0,7.2,98.8,0.65
2020-12-21 16:30:00-05:00,8513,0.0,6.7,98.8,0.68
2020-12-21 17:30:00-05:00,8514,0.0,6.1,98.8,0.71
2020-12-21 18:30:00-05:00,8515,0.0,5.6,98.8,0.73
2020-12-21 19:30:00-05:00,8516,0.0,5.6,98.8,0.73
2020-12-21 20:30:00-05:00,8517,0.0,5.6,98.8,0.73
2020-12-21 21:30:00-05:00,8518,0.0,5.6,98.7,0.76
2020-12-21 22:30:00-05:00,8519,0.0,5.6,98.7,0.76
2020-12-21 23:30:00-05:00,8520,0.0,5.6,98.6,0.76
2020-12-22 00:30:00-05:00,8521,0.0,5.6,98.7,0.79
2020-12-22 01:30:00-05:00,8522,0.0,5.0,98.5,0.82
2020-12-22 02:30:00-05:00,8523,0.0,4.4,98.5,0.82
2020-12-22 03:30:00-05:00,8524,0.0,4.4,98.5,0.82
2020-12-22 04:30:00-05:00,8525,0.0,4.4,98.5,0.82
2020-12-22 05:30:00-05:00,8526,0.0,5.0,98.5,0.79
2020-12-22 06:30:00-05:00,8527,0.0,5.0,98.6,0.79
2020-12-22 07:30:00-05:00,8528,0.0,5.0,98.6,0.79
2020-12-22 08:30:00-05:00,8529,0.0,5.0,98.7,0.82
2020-12-22 09:30:00-05:00,8530,0.0,6.1,98.7,0.79
2020-12-22 10:30:00-05:00,8531,0.0,6.7,98.6,0.76
2020-12-22 11:30:00-05:00,8532,0.0,7.8,98.4,0.74
2020-12-22 12:30:00-05:00,8533,0.0,8.9,98.4,0.68
2020-12-22 13:30:00-05:00,8534,0.0,9.4,98.3,0.74
2020-12-22 14:30:00-05:00,8535,0.0,10.0,98.2,0.71
2020-12-22 15:30:00-05:00,8536,0.0,10.0,98.2,0.71
2020-12-22 16:30:00-05:00,8537,0.0,11.1,98.3,0.72
2020-12-22 17:30:00-05:00,8538,0.0,10.0,98.3,0.8
2020-12-22 18:30:00-05:00,8539,0.0,10.0,98.3,0.83
2020-12-22 19:30:00-05:00,8540,0.0,9.4,98.3,0.86
2020-12-22 20:30:00-05:00,8541,0.0,8.9,98.3,0.86
2020-12-22 21:30:00-05:00,8542,0.0,8.3,98.3,0.89
2020-12-22 22:30:00-05:00,8543,0.0,8.3,98.3,0.89
2020-12-22 23:30:00-05:00,8544,0.0,7.8,98.3,0.93
2020-12-23 00:30:00-05:00,8545,0.0,7.8,98.3,0.93
2020-12-23 01:30:00-05:00,8546,0.0,7.8,98.3,0.96
2020-12-23 02:30:00-05:00,8547,0.0,7.8,98.4,1.0
2020-12-23 03:30:00-05:00,8548,0.0,7.8,98.3,1.0
2020-12-23 04:30:00-05:00,8549,0.0,7.8,98.3,1.0
2020-12-23 05:30:00-05:00,8550,0.0,7.8,98.3,1.0
2020-12-23 06:30:00-05:00,8551,0.0,8.3,98.3,1.0
2020-12-23 07:30:00-05:00,8552,0.0,7.8,98.4,1.0
2020-12-23 08:30:00-05:00,8553,0.0,7.8,98.3,1.0
2020-12-23 09:30:00-05:00,8554,0.0,7.8,98.4,1.0
2020-12-23 10:30:00-05:00,8555,0.0,8.3,98.4,1.0
2020-12-23 11:30:00-05:00,8556,0.0,9.4,98.4,0.96
2020-12-23 12:30:00-05:00,8557,0.0,10.0,98.2,0.96
2020-12-23 13:30:00-05:00,8558,0.0,11.7,98.2,0.86
2020-12-23 14:30:00-05:00,8559,0.0,12.2,98.1,0.8
2020-12-23 15:30:00-05:00,8560,0.0,12.2,98.1,0.8
2020-12-23 16:30:00-05:00,8561,0.0,12.2,98.1,0.86
2020-12-23 17:30:00-05:00,8562,0.0,12.2,98.1,0.86
2020-12-23 18:30:00-05:00,8563,0.0,11.1,98.1,0.93
2020-12-23 19:30:00-05:00,8564,0.0,11.7,98.1,0.9
2020-12-23 20:30:00-05:00,8565,0.0,10.6,98.1,0.96
2020-12-23 21:30:00-05:00,8566,0.0,11.1,98.1,0.93
2020-12-23 22:30:00-05:00,8567,0.0,11.1,98.1,0.93
2020-12-23 23:30:00-05:00,8568,0.0,11.1,98.0,0.93
2020-12-24 00:30:00-05:00,8569,0.0,11.1,97.9,0.96
2020-12-24 01:30:00-05:00,8570,0.0,11.7,97.9,0.96
2020-12-24 02:30:00-05:00,8571,0.0,11.7,97.9,1.0
2020-12-24 03:30:00-05:00,8572,0.0,11.7,97.7,1.0
2020-12-24 04:30:00-05:00,8573,0.0,12.2,97.6,1.0
2020-12-24 05:30:00-05:00,8574,0.0,12.2,97.6,1.0
2020-12-24 06:30:00-05:00,8575,0.0,13.3,97.5,0.96
2020-12-24 07:30:00-05:00,8576,0.0,13.3,97.4,0.96
2020-12-24 08:30:00-05:00,8577,0.0,15.0,97.4,0.9
2020-12-24 09:30:00-05:00,8578,0.0,16.7,97.3,0.84
2020-12-24 10:30:00-05:00,8579,0.0,15.0,97.4,0.97
2020-12-24 11:30:00-05:00,8580,0.0,13.3,97.4,0.9
2020-12-24 12:30:00-05:00,8581,0.0,12.8,97.4,0.9
2020-12-24 13:30:00-05:00,8582,0.0,12.8,97.2,0.93
2020-12-24 14:30:00-05:00,8583,0.0,12.2,97.1,0.96
2020-12-24 15:30:00-05:00,8584,0.0,12.8,97.1,0.93
2020-12-24 16:30:00-05:00,8585,0.0,12.8,97.1,0.9
2020-12-24 17:30:00-05:00,8586,0.0,11.7,97.1,0.9
2020-12-24 18:30:00-05:00,8587,0.0,11.1,97.2,0.77
2020-12-24 19:30:00-05:00,8588,0.0,10.6,97.2,0.69
2020-12-24 20:30:00-05:00,8589,0.0,10.0,97.2,0.74
2020-12-24 21:30:00-05:00,8590,0.0,10.0,97.3,0.77
2020-12-24 22:30:00-05:00,8591,0.0,8.9,97.3,0.77
2020-12-24 23:30:00-05:00,8592,0.0,8.3,97.3,0.8
2020-12-25 00:30:00-05:00,8593,0.0,7.8,97.2,0.83
2020-12-25 01:30:00-05:00,8594,0.0,7.8,97.2,0.83
2020-12-25 02:30:00-05:00,8595,0.0,7.8,97.1,0.77
2020-12-25 03:30:00-05:00,8596,0.0,7.8,97.2,0.71
2020-12-25 04:30:00-05:00,8597,0.0,7.8,97.1,0.74
2020-12-25 05:30:00-05:00,8598,0.0,6.7,97.1,0.83
2020-12-25 06:30:00-05:00,8599,0.0,6.1,97.2,0.86
2020-12-25 07:30:00-05:00,8600,0.0,5.6,97.3,0.83
2020-12-25 08:30:00-05:00,8601,0.0,5.0,97.3,0.82
2020-12-25 09:30:00-05:00,8602,0.0,5.0,97.4,0.86
2020-12-25 10:30:00-05:00,8603,0.0,5.6,97.4,0.83
2020-12-25 11:30:00-05:00,8604,0.0,5.0,97.5,0.86
2020-12-25 12:30:00-05:00,8605,0.0,4.4,97.4,0.89
2020-12-25 13:30:00-05:00,8606,0.0,6.1,97.4,0.73
2020-12-25 14:30:00-05:00,8607,0.0,6.7,97.4,0.71
2020-12-25 15:30:00-05:00,8608,0.0,6.1,97.5,0.73
2020-12-25 16:30:00-05:00,8609,0.0,5.6,97.5,0.76
2020-12-25 17:30:00-05:00,8610,0.0,5.0,97.6,0.79
2020-12-25 18:30:00-05:00,8611,0.0,5.0,97.7,0.76
2020-12-25 19:30:00-05:00,8612,0.0,5.0,97.7,0.76
2020-12-25 20:30:00-05:00,8613,0.0,4.4,97.7,0.82
2020-12-25 21:30:00-05:00,8614,0.0,4.4,97.8,0.82
2020-12-25 22:30:00-05:00,8615,0.0,4.4,97.8,0.82
2020-12-25 23:30:00-05:00,8616,0.0,4.4,97.8,0.82
2020-12-26 00:30:00-05:00,8617,0.0,4.4,97.8,0.86
2020-12-26 01:30:00-05:00,8618,0.0,4.4,97.8,0.86
2020-12-26 02:30:00-05:00,8619,0.0,3.9,97.9,0.86
2020-12-26 03:30:00-05:00,8620,0.0,3.9,97.9,0.86
2020-12-26 04:30:00-05:00,8621,0.0,3.9,97.9,0.86
2020-12-26 05:30:00-05:00,8622,0.0,3.3,97.9,0.86
2020-12-26 06:30:00-05:00,8623,0.0,3.3,98.0,0.89
2020-12-26 07:30:00-05:00,8624,0.0,3.3,98.0,0.89
2020-12-26 08:30:00-05:00,8625,0.0,3.3,98.1,0.86
2020-12-26 09:30:00-05:00,8626,0.0,5.0,98.2,0.79
2020-12-26 10:30:00-05:00,8627,0.0,6.7,98.2,0.71
2020-12-26 11:30:00-05:00,8628,0.0,8.3,98.2,0.63
2020-12-26 12:30:00-05:00,8629,0.0,9.4,98.1,0.59
2020-12-26 13:30:00-05:00,8630,0.0,11.7,98.1,0.51
2020-12-26 14:30:00-05:00,8631,0.0,12.2,98.0,0.49
2020-12-26 15:30:00-05:00,8632,0.0,12.2,98.0,0.49
2020-12-26 16:30:00-05:00,8633,0.0,10.0,98.0,0.54
2020-12-26 17:30:00-05:00,8634,0.0,8.3,98.1,0.61
2020-12-26 18:30:00-05:00,8635,0.0,6.7,98.1,0.68
2020-12-26 19:30:00-05:00,8636,0.0,5.6,98.1,0.73
2020-12-26 20:30:00-05:00,8637,0.0,4.4,98.1,0.79
2020-12-26 21:30:00-05:00,8638,0.0,3.9,98.1,0.82
2020-12-26 22:30:00-05:00,8639,0.0,3.3,98.1,0.82
2020-12-26 23:30:00-05:00,8640,0.0,3.3,98.1,0.82
2020-12-27 00:30:00-05:00,8641,0.0,2.8,98.1,0.85
2020-12-27 01:30:00-05:00,8642,0.0,2.8,98.1,0.85
2020-12-27 02:30:00-05:00,8643,0.0,2.2,98.1,0.89
2020-12-27 03:30:00-05:00,8644,0.0,2.2,98.1,0.89
2020-12-27 04:30:00-05:00,8645,0.0,2.2,98.2,0.85
2020-12-27 05:30:00-05:00,8646,0.0,2.2,98.2,0.85
2020-12-27 06:30:00-05:00,8647,0.0,1.7,98.2,0.85
2020-12-27 07:30:00-05:00,8648,0.0,2.2,98.3,0.79
2020-12-27 08:30:00-05:00,8649,0.0,3.3,98.3,0.73
2020-12-27 09:30:00-05:00,8650,0.0,6.1,98.4,0.63
2020-12-27 10:30:00-05:00,8651,0.0,9.4,98.4,0.5
2020-12-27 11:30:00-05:00,8652,0.0,12.8,98.4,0.37
2020-12-27 12:30:00-05:00,8653,0.0,15.0,98.3,0.32
2020-12-27 13:30:00-05:00,8654,0.0,16.7,98.2,0.28
2020-12-27 14:30:00-05:00,8655,0.0,18.3,98.2,0.25
2020-12-27 15:30:00-05:00,8656,0.0,16.7,98.2,0.3
2020-12-27 16:30:00-05:00,8657,0.0,15.0,98.3,0.33
2020-12-27 17:30:00-05:00,8658,0.0,13.3,98.3,0.37
2020-12-27 18:30:00-05:00,8659,0.0,11.7,98.3,0.43
2020-12-27 19:30:00-05:00,8660,0.0,10.6,98.4,0.48
2020-12-27 20:30:00-05:00,8661,0.0,9.4,98.4,0.54
2020-12-27 21:30:00-05:00,8662,0.0,8.3,98.4,0.58
2020-12-27 22:30:00-05:00,8663,0.0,7.8,98.4,0.61
2020-12-27 23:30:00-05:00,8664,0.0,7.2,98.4,0.65
2020-12-28 00:30:00-05:00,8665,0.0,5.6,98.4,0.73
2020-12-28 01:30:00-05:00,8666,0.0,5.0,98.4,0.76
2020-12-28 02:30:00-05:00,8667,0.0,3.9,98.4,0.82
2020-12-28 03:30:00-05:00,8668,0.0,3.3,98.5,0.86
2020-12-28 04:30:00-05:00,8669,0.0,2.8,98.6,0.89
2020-12-28 05:30:00-05:00,8670,0.0,2.8,98.6,0.89
2020-12-28 06:30:00-05:00,8671,0.0,2.2,98.7,0.92
2020-12-28 07:30:00-05:00,8672,0.0,2.8,98.8,0.89
2020-12-28 08:30:00-05:00,8673,0.0,6.1,98.9,0.71
2020-12-28 09:30:00-05:00,8674,0.0,6.7,99.0,0.65
2020-12-28 10:30:00-05:00,8675,0.0,8.9,99.1,0.56
2020-12-28 11:30:00-05:00,8676,0.0,10.0,99.0,0.48
2020-12-28 12:30:00-05:00,8677,0.0,11.1,99.0,0.45
2020-12-28 13:30:00-05:00,8678,0.0,12.8,98.9,0.4
2020-12-28 14:30:00-05:00,8679,0.0,13.3,98.9,0.39
2020-12-28 15:30:00-05:00,8680,0.0,12.8,98.9,0.4
2020-12-28 16:30:00-05:00,8681,0.0,12.2,99.0,0.4
2020-12-28 17:30:00-05:00,8682,0.0,11.1,99.0,0.41
2020-12-28 18:30:00-05:00,8683,0.0,10.0,99.0,0.46
2020-12-28 19:30:00-05:00,8684,0.0,8.9,99.0,0.5
2020-12-28 20:30:00-05:00,8685,0.0,8.3,99.0,0.52
2020-12-28 21:30:00-05:00,8686,0.0,7.8,99.0,0.54
2020-12-28 22:30:00-05:00,8687,0.0,7.8,99.0,0.54
2020-12-28 23:30:00-05:00,8688,0.0,7.8,98.9,0.52
2020-12-29 00:30:00-05:00,8689,0.0,6.7,98.9,0.56
2020-12-29 01:30:00-05:00,8690,0.0,6.1,98.8,0.58
2020-12-29 02:30:00-05:00,8691,0.0,5.6,98.8,0.6
2020-12-29 03:30:00-05:00,8692,0.0,5.6,98.9,0.6
2020-12-29 04:30:00-05:00,8693,0.0,5.6,98.8,0.6
2020-12-29 05:30:00-05:00,8694,0.0,5.6,98.8,0.6
2020-12-29 06:30:00-05:00,8695,0.0,5.6,98.9,0.6
2020-12-29 07:30:00-05:00,8696,0.0,5.6,98.8,0.6
2020-12-29 08:30:00-05:00,8697,0.0,6.1,98.8,0.58
2020-12-29 09:30:00-05:00,8698,0.0,7.2,98.8,0.54
2020-12-29 10:30:00-05:00,8699,0.0,8.9,98.8,0.5
2020-12-29 11:30:00-05:00,8700,0.0,12.2,98.7,0.33
2020-12-29 12:30:00-05:00,8701,0.0,13.3,98.6,0.29
2020-12-29 13:30:00-05:00,8702,0.0,14.4,98.5,0.26
2020-12-29 14:30:00-05:00,8703,0.0,15.0,98.4,0.26
2020-12-29 15:30:00-05:00,8704,0.0,14.4,98.4,0.32
2020-12-29 16:30:00-05:00,8705,0.0,13.9,98.3,0.34
2020-12-29 17:30:00-05:00,8706,0.0,13.3,98.3,0.36
2020-12-29 18:30:00-05:00,8707,0.0,13.3,98.3,0.36
2020-12-29 19:30:00-05:00,8708,0.0,14.4,98.2,0.33
2020-12-29 20:30:00-05:00,8709,0.0,14.4,98.2,0.33
2020-12-29 21:30:00-05:00,8710,0.0,12.2,98.2,0.4
2020-12-29 22:30:00-05:00,8711,0.0,11.1,98.1,0.45
2020-12-29 23:30:00-05:00,8712,0.0,11.7,98.0,0.41
2020-12-30 00:30:00-05:00,8713,0.0,10.6,97.9,0.46
2020-12-30 01:30:00-05:00,8714,0.0,9.4,97.8,0.63
2020-12-30 02:30:00-05:00,8715,0.0,7.2,97.8,0.83
2020-12-30 03:30:00-05:00,8716,0.0,6.1,97.7,1.0
2020-12-30 04:30:00-05:00,8717,0.0,6.7,97.6,1.0
2020-12-30 05:30:00-05:00,8718,0.0,7.2,97.5,1.0
2020-12-30 06:30:00-05:00,8719,0.0,7.8,97.6,1.0
2020-12-30 07:30:00-05:00,8720,0.0,7.8,97.6,1.0
2020-12-30 08:30:00-05:00,8721,0.0,8.3,97.6,0.96
2020-12-30 09:30:00-05:00,8722,0.0,8.9,97.6,0.96
2020-12-30 10:30:00-05:00,8723,0.0,9.4,97.6,0.96
2020-12-30 11:30:00-05:00,8724,0.0,10.0,97.6,0.93
2020-12-30 12:30:00-05:00,8725,0.0,10.0,97.5,0.93
2020-12-30 13:30:00-05:00,8726,0.0,9.4,97.4,0.93
2020-12-30 14:30:00-05:00,8727,0.0,8.9,97.5,0.93
2020-12-30 15:30:00-05:00,8728,0.0,8.9,97.5,0.93
2020-12-30 16:30:00-05:00,8729,0.0,8.3,97.5,0.93
2020-12-30 17:30:00-05:00,8730,0.0,8.3,97.5,0.93
2020-12-30 18:30:00-05:00,8731,0.0,7.8,97.5,0.96
2020-12-30 19:30:00-05:00,8732,0.0,7.8,97.6,0.96
2020-12-30 20:30:00-05:00,8733,0.0,7.8,97.6,0.96
2020-12-30 21:30:00-05:00,8734,0.0,7.8,97.5,0.96
2020-12-30 22:30:00-05:00,8735,0.0,7.2,97.5,1.0
2020-12-30 23:30:00-05:00,8736,0.0,7.2,97.5,1.0
2020-12-31 00:30:00-05:00,8737,0.0,7.2,97.5,1.0
2020-12-31 01:30:00-05:00,8738,0.0,6.7,97.4,1.0
2020-12-31 02:30:00-05:00,8739,0.0,6.7,97.4,1.0
2020-12-31 03:30:00-05:00,8740,0.0,6.1,97.4,1.0
2020-12-31 04:30:00-05:00,8741,0.0,6.1,97.4,1.0
2020-12-31 05:30:00-05:00,8742,0.0,6.1,97.4,1.0
2020-12-31 06:30:00-05:00,8743,0.0,5.6,97.4,1.0
2020-12-31 07:30:00-05:00,8744,0.0,5.6,97.5,1.0
2020-12-31 08:30:00-05:00,8745,0.0,5.6,97.5,1.0
2020-12-31 09:30:00-05:00,8746,0.0,6.1,97.6,0.96
2020-12-31 10:30:00-05:00,8747,0.0,6.1,97.6,0.96
2020-12-31 11:30:00-05:00,8748,0.0,5.6,97.5,1.0
2020-12-31 12:30:00-05:00,8749,0.0,5.6,97.5,1.0
2020-12-31 13:30:00-05:00,8750,0.0,6.1,97.4,0.93
2020-12-31 14:30:00-05:00,8751,0.0,6.1,97.4,0.93
2020-12-31 15:30:00-05:00,8752,0.0,5.6,97.4,0.96
2020-12-31 16:30:00-05:00,8753,0.0,5.6,97.4,0.93
2020-12-31 17:30:00-05:00,8754,0.0,5.6,97.4,0.89
2020-12-31 18:30:00-05:00,8755,0.0,5.6,97.5,0.89
2020-12-31 19:30:00-05:00,8756,0.0,5.0,97.5,0.93
2020-12-31 20:30:00-05:00,8757,0.0,5.0,97.5,0.89
2020-12-31 21:30:00-05:00,8758,0.0,5.0,97.5,0.89
2020-12-31 22:30:00-05:00,8759,0.0,4.4,97.5,0.93
2020-12-31 23:30:00-05:00,8760,0.0,4.4,97.5,0.93
